# R script for Peak Model
#  -- generated by MACS
p <- c(0.0427007827549,0.0498308352302,0.0569206798121,0.0639985945795,0.0712090628415,0.0711670875682,0.0712267366408,0.0712656189992,0.0713318957465,0.0713292446766,0.0712523636497,0.0711622272734,0.0712134812913,0.0712148068263,0.0710955086811,0.0711096477205,0.0711056711157,0.0710150928944,0.0710659050673,0.0710508823379,0.0710332085386,0.0710994852859,0.0710994852859,0.0711189264652,0.071171064173,0.0712391083003,0.0712156905162,0.0712987573728,0.0712355735404,0.0713880100592,0.0714012654087,0.0713760802447,0.0714074512384,0.0714940528549,0.0715749104866,0.0717087895162,0.0717149753459,0.0716482567536,0.0716707908477,0.0716425127689,0.0717003944615,0.0718899459588,0.0719624085359,0.07198317525,0.07198317525,0.0719168985027,0.07210733369,0.0722677234185,0.0722761184731,0.0722469567043,0.0722911412025,0.0722575609839,0.0722937922724,0.0723556505699,0.0724356245117,0.0724396011165,0.072327372491,0.0723331164758,0.0724289968369,0.0724581586057,0.0724360663566,0.0725032267939,0.0725094126237,0.0725359233226,0.0725637595564,0.072648593793,0.0726698023521,0.072648593793,0.0726415242733,0.0726547796227,0.0726017582249,0.0725421091523,0.0725023431039,0.0723370930807,0.0723172100565,0.0722655141936,0.0723136752966,0.0723675803844,0.0723764172841,0.0725200169032,0.0725672943163,0.0725429928423,0.0725372488575,0.0726848250815,0.0726225249391,0.0726954293611,0.0726371058235,0.0726459427231,0.0726746626469,0.0726896853763,0.0727365209444,0.0728293083907,0.0728814460985,0.0728659815242,0.072869516284,0.0729397696362,0.0731006012096,0.0731982489507,0.0731991326406,0.0731704127168,0.0731629013521,0.0732207830447,0.0732446426738,0.0733634989739,0.073486331879,0.073534934827,0.07346070487,0.0734169622168,0.0734757275994,0.0734421473808,0.0734757275994,0.073485448189,0.0735296326872,0.0734443566057,0.0734001721075,0.0733763124784,0.0733957536576,0.0734509842804,0.0735503994014,0.0736794181361,0.073756741008,0.0737633686827,0.0737699963574,0.0738097624058,0.073878248378,0.0739515946451,0.0740567537508,0.0740116855626,0.074001964973,0.0739317116209,0.074050567921,0.0740890084345,0.0741314255527,0.0741857724855,0.0742131668744,0.0742113994945,0.074272374102,0.0742807691567,0.0742754670169,0.0743929977821,0.074372231068,0.0743664870832,0.0744362985904,0.0745365974013,0.0746156876531,0.0746391054371,0.0747345439532,0.0748706322077,0.0749510479944,0.0749536990643,0.0749033287364,0.0749713728636,0.0748980265966,0.0749050961163,0.0749333741952,0.0749912558878,0.0749355834201,0.0749563501342,0.0749439784747,0.0750831596441,0.0751993648743,0.0752400146127,0.0754132178457,0.0753964277363,0.0754441469944,0.0754498909792,0.0755466550302,0.0755373762856,0.0756376750965,0.0756451864612,0.0756973241691,0.0756319311118,0.0756792085249,0.0758152967793,0.0758152967793,0.075848876998,0.0758267847489,0.0758983636359,0.0759173629702,0.0758837827515,0.0759160374352,0.0760799619236,0.0761983763788,0.0762469793268,0.0763079539343,0.0764082527452,0.0764727621126,0.076562014799,0.0766388958259,0.0767188697676,0.0767639379558,0.0769185836995,0.0769393504136,0.0769468617783,0.0770343470848,0.0770984146072,0.0770436258294,0.0770953216923,0.077126692686,0.0771916438984,0.0772398050014,0.0771585055247,0.0771536452299,0.0773259647729,0.0773546846968,0.077422728824,0.0776396747102,0.0777165557371,0.0778469000068,0.0778579461313,0.0779737095166,0.0781915390928,0.0783156975327,0.0782560484601,0.0782648853598,0.0783718118454,0.0783903693347,0.0784230658634,0.0784243913983,0.0785012724252,0.0785176206895,0.0785503172182,0.0786104081357,0.0786475231142,0.0788569576357,0.0788216100372,0.0789254436079,0.0789890692854,0.0791335525945,0.0792718500739,0.0793306154565,0.0793398942011,0.0793787765595,0.0795183995738,0.0796023501204,0.0796902772719,0.0796787893023,0.0798546436052,0.0798223889215,0.0798687826446,0.0800433114125,0.0801210761294,0.0802222586302,0.0803353709457,0.0803583468847,0.0805125507835,0.0806048963847,0.0807542399886,0.0808881190182,0.0811306919133,0.0811837133112,0.0813273129303,0.0814134727018,0.0814881445038,0.0816246746033,0.0817316010889,0.0818407367995,0.0818349928147,0.0819450122152,0.0818959674222,0.0819626860145,0.0820563571507,0.0821456098371,0.0822233745539,0.0822635824473,0.0822976045109,0.0824363438353,0.0825574093604,0.0825848037492,0.0827443097878,0.0827907035109,0.082837097234,0.0828989555315,0.0830739261444,0.0831393192017,0.083255082587,0.0833938219114,0.0834813072178,0.0835904429284,0.0836872069795,0.0838931067411,0.0839231521999,0.0841144710771,0.084141423621,0.0842947438298,0.0843968100206,0.0844834116371,0.084608895612,0.0847980052643,0.0849084665098,0.0849376282786,0.0851046456819,0.0851285053109,0.0852151069274,0.0853043596137,0.085470051482,0.0855376537643,0.0856489986997,0.0857709479148,0.0859936377857,0.0863413697866,0.0867673083493,0.0872343384953,0.0877062289361,0.0882527911789,0.0887237979298,0.0893132191358,0.0897965975462,0.0903480200838,0.0907695401967,0.0911203651124,0.0914486559341,0.0917137629233,0.0919793117575,0.0920751921186,0.0922612088561,0.0923787396213,0.0925550357691,0.0925621052888,0.0926902403336,0.0927180765675,0.0927635866006,0.0928802336759,0.0929672771374,0.0931391548354,0.0932027805128,0.0932513834608,0.0932328259716,0.0935562564984,0.0936075105164,0.0937904343389,0.094009147605,0.0940957492215,0.0942945794634,0.0943833903048,0.0946339164096,0.0947810507887,0.0951831297223,0.0952321745153,0.0953298222564,0.0954893282949,0.0955980221605,0.0956916932967,0.0956497180234,0.0956903677617,0.0956709265825,0.0959351498818,0.0959444286264,0.0960403089875,0.096151653923,0.0961233758441,0.0961737461721,0.0963456238701,0.0966752402267,0.0969664160699,0.097086597905,0.0971272476433,0.0970680404157,0.0972041286702,0.0975063506379,0.097775434232,0.0979004763619,0.0979579162096,0.0980043099327,0.0980149142123,0.0981633741262,0.0982831141164,0.0986414503968,0.0987426328977,0.0987554464022,0.0987315867731,0.0988778374622,0.0991345493968,0.0992781490159,0.0994394224344,0.0995573950446,0.0996183696521,0.0996996691288,0.0998463616628,0.100067284154,0.100299252769,0.100452572978,0.100562150534,0.100740214062,0.1008997201,0.101055691379,0.101163943399,0.101225359852,0.101285008924,0.101422422714,0.101558952813,0.101612857901,0.101703877967,0.101717133317,0.101833780392,0.101870011681,0.101957055142,0.102184163463,0.102344995036,0.102358250386,0.102448828607,0.102590219001,0.102607892801,0.10286062813,0.102950322662,0.103144292609,0.103349750525,0.103388191039,0.103495117525,0.103586137591,0.103765526654,0.103992193129,0.104179977247,0.104119002639,0.104312972586,0.10447292047,0.10459884629,0.10472653949,0.105002692603,0.105127734733,0.105236870444,0.105264264833,0.105266032213,0.105376493458,0.105514790938,0.105646018897,0.105766642577,0.10581745475,0.105644251517,0.105782548997,0.105875336443,0.105901847142,0.10595221747,0.106106863213,0.106055609196,0.106050307056,0.106104653989,0.106309228215,0.106549591885,0.106751956887,0.107003808527,0.107181872055,0.107450071959,0.107491163542,0.107581299919,0.107754061307,0.107944054649,0.107996192357,0.108104886222,0.108073073384,0.108103118842,0.10816586083,0.108263508571,0.108490616892,0.108616542711,0.108615217177,0.108685470529,0.108840558117,0.108995203861,0.109178127684,0.109239985981,0.109415840284,0.109449862348,0.109445002053,0.109646483365,0.109708783507,0.109785222689,0.109837802242,0.109722922547,0.109768874425,0.109764455975,0.109804663868,0.109880661205,0.109988913226,0.110050771523,0.110188627158,0.110311460063,0.110276996154,0.110371109135,0.110391875849,0.110332226777,0.110265508184,0.110298204713,0.110330901242,0.110291577038,0.110325157257,0.110174929963,0.110176255498,0.110302181318,0.110299530248,0.110430758208,0.110434292968,0.110497918645,0.110550056353,0.110521778274,0.110536359158,0.110577450742,0.110550498198,0.110476710086,0.110520452739,0.110537242848,0.110715748221,0.110722375896,0.110659192063,0.110660075753,0.110608379891,0.110757723494,