# R script for Peak Model
#  -- generated by MACS
p <- c(0.0413477858096,0.0482905498345,0.0551246625917,0.0620180396767,0.0688635894094,0.068823559995,0.0688266791701,0.0688771058351,0.0687393422659,0.0686369293484,0.0687195874899,0.0686540848117,0.0687949675561,0.0687819709929,0.0688220004074,0.0688308380703,0.0688131627445,0.0687757326426,0.0689155756619,0.0689712009521,0.0689212941497,0.0690055118788,0.0689597639766,0.0690101906415,0.0690455412933,0.0691188419093,0.0692191753767,0.0691942219755,0.0691645898115,0.0692784397046,0.0691661493991,0.0691001268584,0.0691552322861,0.0690632166191,0.0690871302953,0.069072054282,0.0690049920163,0.0689847173778,0.0690200680295,0.0689441681008,0.0690954480957,0.069102726171,0.0690741337321,0.0692212548268,0.0691827849999,0.0693657766088,0.0694375176373,0.069513417566,0.0695799599692,0.0696194695212,0.0695076990782,0.0694754676017,0.0694624710385,0.0694073656108,0.0694021669856,0.0693252273319,0.0693662964713,0.069378773172,0.0693111910437,0.0694063258858,0.0695066593532,0.0695820394193,0.0696610585232,0.0696724954987,0.0696465023725,0.0696745749488,0.0696698961861,0.0697016078001,0.0697343591392,0.0695643640935,0.069615310621,0.0696106318582,0.0696646975609,0.0698045405801,0.0699407445618,0.0698497686198,0.0698731624335,0.0699121521229,0.069841970682,0.0699391849742,0.0699282678612,0.0699792143886,0.0698700432583,0.0698502884824,0.0699209897858,0.0699568603001,0.069924108961,0.0698461295822,0.0699630986504,0.0699636185129,0.0699001952848,0.0698809603714,0.0699298274487,0.0698643247706,0.0699069534976,0.0700452369293,0.0701746826981,0.0703550749944,0.0703987434465,0.0703197243427,0.0703951044089,0.0705573015167,0.0704876399383,0.0703925050962,0.0702880127286,0.0702859332785,0.0702604600148,0.0701959970617,0.0702219901879,0.0703888660585,0.0704153790473,0.0703477969191,0.0703639126573,0.0706212446073,0.0707673259769,0.0708141136042,0.0708946922956,0.0709695524993,0.0709045696836,0.0709830689249,0.0710184195766,0.0709487579983,0.0711265509819,0.0709867079626,0.0708416663181,0.0708401067305,0.0708328286551,0.0707709650146,0.0708702587569,0.0708115142916,0.0709362812977,0.0711067962059,0.071015820264,0.0711613817711,0.0713240987415,0.0714499054726,0.0714603027231,0.0714862958494,0.0715388019644,0.0716250991436,0.0713880418321,0.0712263645868,0.0713506117303,0.0714015582578,0.0713048638281,0.0711858153098,0.0711270708444,0.0711988118729,0.0711858153098,0.0711982920104,0.0713282576417,0.0714920143372,0.0715507588025,0.0715871491793,0.0715876690418,0.0716734463585,0.0717269921986,0.0717810579012,0.0718325242912,0.0717675414756,0.0718865899938,0.0719588508849,0.0718917886191,0.0717639024379,0.0718325242912,0.0718418818167,0.0718793119185,0.0719349372087,0.0718533187922,0.0720175953502,0.0719448145967,0.0718761927433,0.072003559062,0.0721044123919,0.0722031862717,0.0722146232473,0.0723399101159,0.0723399101159,0.0724345250955,0.0724719551973,0.0726643043316,0.0727573597237,0.0726845789701,0.0727396843978,0.072764637799,0.0729315136696,0.0729278746319,0.0730146916737,0.0731680511186,0.0731368593671,0.0731280217042,0.0731945641074,0.0732787818365,0.07335156259,0.0733863933792,0.0733666386033,0.0734758097336,0.0734690515208,0.0734097871929,0.073464372758,0.0734711309709,0.0735891397641,0.0737139067702,0.0738495908892,0.0739390072436,0.0739608414697,0.0738729847029,0.0740279037354,0.074194779606,0.0742644411844,0.0743866088778,0.0743834897027,0.0743824499776,0.0743268246874,0.0744162410418,0.0744453533432,0.0745654415865,0.0745851963625,0.0746922880427,0.0748617632259,0.07499640762,0.07504787401,0.0751575650028,0.0752620573704,0.0753488744121,0.0754200955781,0.0755687762603,0.0756155638876,0.0755043133072,0.0755115913825,0.075551620797,0.0757106987297,0.0757470891065,0.0757923171462,0.0758676972123,0.0759623121919,0.0760205367948,0.0760725230473,0.0762768290197,0.0763386926602,0.0764691781541,0.0765170055064,0.0766547690756,0.0768169661835,0.0768736311987,0.0769230181386,0.0771070494726,0.0771980254145,0.0771730720133,0.0771720322882,0.0771304432862,0.0773160342077,0.0774101293248,0.0773888149613,0.0774969463665,0.0777781919927,0.0777324440905,0.0778483734336,0.078010050679,0.0783115709436,0.0784727283264,0.0784378975372,0.0785205556788,0.0786952294873,0.0788054403426,0.0788044006176,0.0788631450829,0.078997789477,0.0791703838353,0.0791506290594,0.0791792214983,0.0793164652049,0.0794864602507,0.0795056951641,0.0795977108311,0.0797271565999,0.0799813693748,0.0801035370682,0.08019243356,0.0803379950671,0.0805563373277,0.0807185344356,0.080664468733,0.0808666952553,0.0810294122257,0.0811754935953,0.0811437819813,0.0812295592979,0.0812836250006,0.0814437426583,0.0814588186716,0.0815388775005,0.0817910108252,0.0819136983812,0.0819568469708,0.081971922984,0.0821304810542,0.082424203381,0.0826243504532,0.0828910399287,0.0833485189509,0.0836188474641,0.0840804853865,0.0845291267458,0.0851316474126,0.0856723044389,0.0862186799529,0.0867203472898,0.0873181891938,0.0876940497996,0.0881203370703,0.0885086743767,0.0886090078441,0.0888627007564,0.0890332156647,0.0891974922227,0.0893773646564,0.0895031713875,0.0895702336533,0.0897033184598,0.0897199540606,0.0898951477316,0.0900770996154,0.0902174624973,0.0903552260665,0.0905969621407,0.0907627982863,0.0908568934033,0.0909078399308,0.0911152650784,0.0911001890652,0.0910840733269,0.0913637593655,0.0915046421098,0.0915930187391,0.0916746371556,0.0917271432706,0.0918425527512,0.092125357965,0.0922303701951,0.092556843861,0.0928713606887,0.0929202277661,0.0929826112692,0.0932337048689,0.0934385307038,0.0936948229288,0.0938975693136,0.0940223363197,0.094173096452,0.0942359998176,0.094368044899,0.0944928119051,0.0946472110751,0.0947756171188,0.0948281232338,0.094965886803,0.0950137141554,0.0951405606115,0.0952559700921,0.0955450136562,0.0955107027295,0.0957820709677,0.0958683681469,0.0958309380451,0.0959848173526,0.0960373234676,0.0962780198168,0.0964189025612,0.0964740079888,0.0965992948574,0.0970416978664,0.0971373525711,0.0974695447247,0.0976769698723,0.097814213579,0.0980044832632,0.0980278770769,0.0981817563843,0.0984697602233,0.0984349294341,0.098400098645,0.098596086817,0.0986309176062,0.0987567243373,0.0988788920307,0.0991258267302,0.0993930360682,0.0995619913889,0.0996269742046,0.0999222561189,0.10014475728,0.100175949031,0.100430161806,0.100597557539,0.100925590793,0.101007729072,0.101139774153,0.101226071332,0.101449092356,0.10154266761,0.101834830349,0.102084884224,0.102224727243,0.102369768888,0.102313623735,0.102380166138,0.102516889983,0.102760185644,0.102893270451,0.103023755945,0.102953574504,0.10307418261,0.103319557722,0.103484354142,0.103669945064,0.103896085262,0.104032809106,0.104284422568,0.104484569641,0.104759576917,0.104939969213,0.105133877935,0.105270081916,0.105417203011,0.105572122044,0.105815937568,0.105999968902,0.105938625124,0.106117977695,0.106338399406,0.106562980017,0.106649277196,0.10663784022,0.106990826875,0.107304303978,0.107529924314,0.107750346024,0.108056545052,0.108211983947,0.108193268896,0.108275407175,0.108404852944,0.108633072592,0.10869233692,0.108830620352,0.108873249079,0.109014131823,0.109127461854,0.109232474084,0.109338526039,0.10951787861,0.109731022246,0.109838113926,0.109949884369,0.11001798636,0.110085048625,0.110252444359,0.110415161329,0.110551885173,0.110866402001,0.110979732031,0.11111541615,0.111357672087,0.111466843218,0.111584852011,0.111695582729,0.111751727881,0.11197370918,0.112127588487,0.112285626695,0.112609501048,0.112792492657,0.11281380702,0.112943252789,0.113081016358,0.113307676419,0.113546293319,0.113570726857,0.113785949943,0.113862369734,0.113921634062,0.114029765467,0.114164409861,0.114439417137,0.114714944275,0.114878700971,0.114976954988,0.11522025065,0.11538296762,0.115689166648,0.115880476057,0.115922065059,0.116267773638,0.116317680441,0.116315081128,0.116409176245,0.116475718648,0.116538102151,0.116575532253,0.116416454321,0.116514708338,0.116756444412,0.116841182004,0.116893168256,0.117121387905,