# R script for Peak Model
#  -- generated by MACS
p <- c(0.042569547533,0.0495799258869,0.0565441073488,0.0636371070671,0.070586185699,0.0706865750988,0.070513336754,0.0705062295398,0.0704120589524,0.0704698050673,0.0704662514603,0.0705542032353,0.0707016779289,0.0708225005694,0.0708917959073,0.0708829118896,0.0709628680488,0.0709664216558,0.0709344391922,0.0707372139996,0.0707780804809,0.0707691964633,0.0707967369181,0.0705897393061,0.0707096735448,0.0705852972972,0.0704191661665,0.0706439318139,0.0707638660526,0.0708793582825,0.0708145049534,0.0709415464063,0.0708678090595,0.0710748066716,0.0710694762609,0.0711165615547,0.0713590952374,0.0713733096657,0.0711512092236,0.0711289991794,0.0712569290341,0.0710197257619,0.0710828022875,0.0710970167158,0.0710366053955,0.0711405484024,0.0710676994574,0.0708527062295,0.0711050123317,0.0713093447384,0.0714275021736,0.0716460490086,0.071667370651,0.0715803072777,0.0716122897414,0.0716309461785,0.0717615412385,0.0719107927356,0.0717393311943,0.0715785304742,0.071387524094,0.0713128983455,0.071314675149,0.0713848588887,0.0714541542266,0.0713830820852,0.0714132877453,0.0714310557807,0.0714399397983,0.0714790294761,0.0715314451805,0.0715625392424,0.0713439924074,0.0713981849152,0.0714799178779,0.0717011299182,0.0715580972335,0.0715119003416,0.0717224515607,0.0715225611628,0.0716371649909,0.0715891912954,0.0718779218701,0.0718263945676,0.0718263945676,0.0716380533927,0.0717393311943,0.0716655938475,0.071655821428,0.071932114378,0.0719178999497,0.0720582674291,0.0720191777513,0.0720680398486,0.0719356679851,0.0719978561089,0.071955212824,0.0719996329124,0.0719152347444,0.0718583770312,0.0718414973976,0.0718183989517,0.0718068497287,0.0717419963996,0.0717126791412,0.0718663726471,0.0720120705371,0.0720031865195,0.0721266743653,0.0722519390146,0.0722217333545,0.0721719828554,0.0720822542768,0.0720715934556,0.0721213439547,0.0720102937336,0.0720138473407,0.0720680398486,0.0719863068859,0.0718921362984,0.071932114378,0.071920565155,0.0720236197601,0.0720085169301,0.0721320047759,0.0722492738093,0.0723034663172,0.0722137377386,0.0722439433987,0.072418958547,0.0723505516109,0.0724678206443,0.07256110283,0.072622402552,0.0726268445608,0.0725104639292,0.0723896412887,0.0724864770814,0.0725717636512,0.0723301183702,0.0723469980038,0.0723878644851,0.0724065209223,0.0724385033859,0.0723905296905,0.0724020789134,0.0723772036639,0.0724971379027,0.0723061315225,0.0724145165382,0.0726081881237,0.0726001925078,0.0725308971698,0.0725886432848,0.0726925862917,0.072829400164,0.0728489450029,0.072695251497,0.0730301789637,0.0730932554892,0.0729999733035,0.0730950322927,0.0732114129244,0.0732105245226,0.0731998637014,0.073278043057,0.0733926468851,0.0736111937201,0.0734770450531,0.0735365679716,0.0736334037643,0.0736707166386,0.0736431761838,0.073638734175,0.0736778238528,0.0734530582054,0.0735596664176,0.0735587780158,0.07356588523,0.0734717146425,0.0734157453311,0.0733055835118,0.0733446731896,0.0733446731896,0.0734175221346,0.0736165241307,0.0735596664176,0.0736254081484,0.0736582790139,0.073860834617,0.0740029789,0.0741069219069,0.0741451231829,0.0742161953244,0.0741708868342,0.0742774950464,0.0742925978764,0.0743636700179,0.0744223045346,0.0743849916604,0.0743743308391,0.0745706676299,0.0746870482616,0.0747758884384,0.0747758884384,0.0746115341113,0.0746843830563,0.0745564532016,0.0746621730121,0.0747874376614,0.0749526803903,0.0748736126329,0.074900264686,0.0748824966506,0.0750886058609,0.0752218661261,0.0752094285014,0.0754537389876,0.0753764480338,0.0752058748943,0.0751179231192,0.0752716166251,0.0753524611861,0.075555905191,0.0755781152352,0.0755683428158,0.0756509641802,0.0756678438138,0.0758712878188,0.0759956640663,0.0761289243316,0.0760089900929,0.0761689024112,0.0760427493601,0.0760072132893,0.0761155983051,0.0762479701685,0.0763989984692,0.0764007752727,0.0765251515203,0.0764007752727,0.0765073834849,0.0763439175595,0.0764913922531,0.0766113264918,0.0766726262138,0.0766628537943,0.0765349239397,0.0766326481342,0.0767277071234,0.0769897856451,0.0769702408062,0.0769391467443,0.0769453655567,0.076974682815,0.0771017242679,0.0772349845331,0.0775174962955,0.0775699119998,0.0775095006796,0.0775068354743,0.0775548091697,0.0777475923535,0.077979465215,0.0781296051139,0.0782291061119,0.0783730271984,0.0782788566109,0.0782495393526,0.0783561475648,0.0784831890176,0.078788799226,0.0789860244185,0.0790419937299,0.0791201730855,0.0791521555492,0.0790766413989,0.0792543217526,0.0793955776337,0.0794933018282,0.0796372229147,0.0796061288528,0.0796061288528,0.0796807546014,0.079774036787,0.0799614895601,0.0800378921122,0.0800920846201,0.0802830910003,0.0804661017646,0.0806233488776,0.0807361759021,0.0809431735141,0.0810719917706,0.0811794883845,0.0811510595279,0.081480656584,0.0817684987569,0.0820723321617,0.0823690583523,0.0826791105695,0.0832210356481,0.0836208164439,0.0842062732092,0.0847641895197,0.0856543680916,0.0864450456654,0.0870349444396,0.0876035215713,0.0881845363278,0.0886980325499,0.088920132992,0.089307476163,0.0895926531306,0.0898582852593,0.0899231385884,0.0898911561248,0.0899266921955,0.0898609504646,0.0899702238821,0.0899648934715,0.0901390202181,0.0902856065099,0.0903344686071,0.0905148141661,0.090726253787,0.0908763936858,0.0909359166043,0.0911908879118,0.0914387520052,0.0916919465092,0.0918936137106,0.0919904495033,0.0921734602676,0.0922347599896,0.092336926193,0.0924621908423,0.0926851796861,0.0929721334573,0.0930014507157,0.0931400413915,0.09319956431,0.0933043957187,0.0934714152511,0.0935185005448,0.0933861286814,0.0935646974368,0.0937281633622,0.0936180015429,0.0937779138612,0.0937539270134,0.0939005133052,0.0938676424398,0.093962701429,0.0942132307277,0.0945845826668,0.094557042212,0.0946281143535,0.0947915802788,0.0948884160716,0.094906184107,0.0949799214537,0.0952295623506,0.0952775360461,0.0952579912072,0.0953237329381,0.0954187919273,0.095600025888,0.0956666560207,0.095523623336,0.0956133519146,0.0958070235,0.0959020824893,0.0958221263301,0.096117964119,0.0960664368164,0.0964058062919,0.096470659621,0.0967309613391,0.0970756612252,0.0972799936319,0.0973608381929,0.0974514551732,0.0976353543393,0.0976380195446,0.0978823300309,0.0980209207067,0.0982137038904,0.0983096512814,0.0983771698158,0.0985646225889,0.0986356947304,0.0989368629299,0.0989946090448,0.0992078254692,0.0992806744142,0.0991936110409,0.0992788976107,0.0992380311293,0.0993624073769,0.0996049410597,0.0995987222473,0.0995418645341,0.0998723499919,0.0999674089811,0.100130874907,0.100240148324,0.100324546492,0.100453364748,0.10059462063,0.100742983725,0.101013946264,0.101208506251,0.10135331574,0.101502567237,0.101639381109,0.101874807578,0.101963647755,0.102266592758,0.102215065455,0.102077363181,0.102151100528,0.102254155133,0.102218619062,0.102330557685,0.10246381795,0.102607739037,0.102767651355,0.102704574829,0.102834281488,0.103180758177,0.103564547741,0.103636508284,0.103943895296,0.104046949901,0.104182875372,0.104100254007,0.104266385138,0.104657281916,0.105049955498,0.105106813211,0.105152121701,0.1053022616,0.10537244534,0.105503928801,0.105783775358,0.106195105377,0.106402102989,0.106331030848,0.106198658984,0.106172895333,0.106324812035,0.106466067916,0.106591332566,0.106909380399,0.106937809255,0.107026649432,0.106832089445,0.107055078289,0.107539257253,0.107742701258,0.107819992211,0.107979016128,0.108175352919,0.108045646261,0.108172687713,0.108251755471,0.10872882722,0.108894069949,0.108847873057,0.108885185932,0.108989128939,0.109242323442,0.10931161878,0.109543491642,0.109623447801,0.109859762671,0.109951268054,0.110065871882,0.110346606841,0.110721512387,0.110889420321,0.110941836025,0.111228789796,0.11165255744,0.111988373308,0.112122521975,0.112373051274,0.112682215089,0.112741738008,0.112827024578,0.11290342713,0.113260564641,0.11341603495,0.113320975961,0.11340093212,0.113352958425,0.113509317136,0.113703877123,0.113798936112,0.113989942492,0.114327535164,0.114463460635,0.114589613686,0.114618930944,0.114841031386,