# R script for Peak Model
#  -- generated by MACS
p <- c(0.0420611399462,0.0491791297529,0.0560633754049,0.0631213281855,0.070227310587,0.0701984928145,0.0700696133319,0.0699255244695,0.0700071748249,0.0700528029646,0.070109638016,0.0701000320918,0.070167273561,0.0701592686241,0.0699303274315,0.0700015713691,0.0702064977513,0.0702353155238,0.0702833451446,0.0702040962703,0.070229712068,0.0701480617126,0.0703257713097,0.0703009560056,0.0704650572101,0.0703842073484,0.0702329140427,0.0703081604487,0.070284946132,0.0703137639045,0.070342581677,0.0703481851327,0.070244921448,0.0703121629171,0.070304958474,0.0705250942361,0.0705587149707,0.0704882715268,0.0705066828815,0.0704506483238,0.0703577910569,0.0705162888056,0.0705939366926,0.0705026804131,0.0705587149707,0.0705899342242,0.0707100082763,0.0708933213291,0.0708621020756,0.0709797746466,0.0710069914318,0.0710093929128,0.0709773731656,0.07094135095,0.070981375634,0.0709549593425,0.0709909815581,0.0708548976325,0.0709877795834,0.0709765726719,0.0710181983433,0.0709373484816,0.0709757721782,0.0710894422808,0.0711462773322,0.0709421514436,0.0709893805708,0.0710494175968,0.071079035863,0.0711174595597,0.0711959079403,0.0711102551165,0.0711078536355,0.0712039128771,0.0711863020162,0.0713944303731,0.0712375336117,0.0712439375612,0.0711694916489,0.0712567454601,0.0711598857247,0.0713592086512,0.0713616101322,0.0713087775493,0.071154282269,0.0711238635091,0.0710854398124,0.0710358092043,0.071116659066,0.0710382106853,0.0711750951047,0.07104141266,0.0711158585723,0.0711414743701,0.071349602727,0.0713784204995,0.0714792827032,0.0716834085917,0.0717530515419,0.0718627191762,0.0719299606453,0.072123680116,0.0722069314588,0.0722941852699,0.0724094563599,0.0724734958544,0.07260957978,0.0726367965652,0.0728097032002,0.0728673387452,0.0728553313399,0.0727208484016,0.0726303926157,0.0725727570707,0.0724750968417,0.072336611435,0.072336611435,0.0721725102305,0.0719291601516,0.0718811305308,0.0719115492907,0.0720020050766,0.0720708475331,0.0721396899896,0.0721565003569,0.0723814390811,0.0722693699658,0.0724310696893,0.0724014514231,0.0723662297012,0.0723518208149,0.0722909832952,0.0722925842826,0.0722325472565,0.0722493576238,0.0722909832952,0.0724686928923,0.0724774983228,0.0726904296418,0.0728673387452,0.0728761441756,0.0730682626589,0.0730722651273,0.0732395683066,0.0733028073073,0.0732956028642,0.0733676472954,0.0733516374218,0.073363644827,0.0733828566754,0.0734685094992,0.0734709109802,0.0735629677535,0.0736374136658,0.0737134605654,0.0737006526665,0.0735981894754,0.0736598274888,0.0737134605654,0.0737766995662,0.0737510837684,0.0738303326427,0.0738767612762,0.0738079188197,0.0739087810234,0.0740272540881,0.0740800866711,0.0741113059246,0.0741897543053,0.0741993602294,0.074425899941,0.0745643853477,0.074596405095,0.0747388929701,0.0746700505136,0.0747324890206,0.0747997304898,0.0749854450237,0.0750558884675,0.0751919723932,0.0751911718995,0.0753408642178,0.0754665417256,0.0755609999799,0.0756994853866,0.075858783629,0.0760436976692,0.0760076754536,0.0760444981629,0.0761717766581,0.0761181435815,0.075816357464,0.0759124167056,0.0759836606432,0.0761685746834,0.0759908650863,0.0759924660737,0.0760629095176,0.0763054591027,0.076264633925,0.0763214689763,0.0765464077006,0.0765095849913,0.0765824299162,0.0765400037511,0.0766977010062,0.0768329844382,0.0769018268947,0.076901026401,0.0770283048962,0.0771147582137,0.0771435759862,0.0772932683044,0.0773340934821,0.0774261502554,0.0774909902435,0.0776022588651,0.0777663600696,0.0777159289677,0.0775838475104,0.0777319388413,0.0778752272101,0.0780545377945,0.0781634049351,0.0781634049351,0.0782650676325,0.0782266439358,0.0783251046585,0.0784804004326,0.0788254132088,0.0789318788683,0.078952691704,0.0789542926914,0.0788422235761,0.0790151302111,0.0790783692119,0.0792088496818,0.0793321257086,0.0793249212654,0.0793353276833,0.0792864975688,0.0795098353056,0.0795546629517,0.0797179636625,0.0797515843971,0.0799437028804,0.0800957966797,0.0800341586663,0.0802182722128,0.0802190727065,0.080458420317,0.0803591591006,0.0804536173549,0.0807241842189,0.0809907486145,0.0809803421966,0.0811324359959,0.081330157935,0.0814334216198,0.0816879786102,0.0817648260035,0.0820001711455,0.082046599779,0.0821498634638,0.0820393953359,0.0822803439337,0.0823884105806,0.082565319684,0.0826717853435,0.0826765883055,0.0827814529777,0.0828711082699,0.0830856405763,0.0831696924127,0.0833874266938,0.0834210474284,0.0834234489094,0.0834666755682,0.083670000963,0.0837988804455,0.0839845949794,0.0841991272858,0.084268770236,0.0845073173528,0.0846001746197,0.0848379212428,0.084965199738,0.0853430327552,0.0853174169574,0.0854318875537,0.0854422939715,0.0856103976444,0.0857104593545,0.0856736366452,0.0858801640148,0.0857752993426,0.0859434030155,0.0860186494215,0.0864989456297,0.0868719756848,0.0875307819839,0.0879422357356,0.0885538129075,0.089279060182,0.0898642210624,0.0907951952128,0.0916853441855,0.0923681652949,0.0928276486675,0.0933143488252,0.093668167032,0.0940291896819,0.0943886113444,0.0945935377266,0.0948665060716,0.095098649239,0.0952555460003,0.0953812235082,0.0955141054591,0.0957142288792,0.0958391058934,0.0960848574533,0.096278576924,0.096376237153,0.0965739590921,0.0965955724214,0.0966812252452,0.0966355971054,0.0967884913984,0.0969790088944,0.0972992063666,0.0972703885941,0.0974737139889,0.0977394778908,0.097771497638,0.0980172491979,0.0979436037793,0.0981565350983,0.0984463138107,0.0986072130404,0.0986992698137,0.0989402184115,0.0990979156665,0.0992059823134,0.0993092459982,0.0994245170882,0.09959021928,0.0997351086362,0.0998087540548,0.100199394971,0.100278643845,0.100540405279,0.100672486736,0.100889420523,0.101039112842,0.101271256009,0.101581847557,0.101791576901,0.102137390171,0.102057340803,0.102246257312,0.102346319022,0.102398351111,0.102569656759,0.102880248307,0.102953093232,0.103047551486,0.103254078856,0.103097982588,0.103188438374,0.103370150439,0.103415778579,0.103695951367,0.10373357457,0.103852848128,0.103941702927,0.104207466829,0.104327540881,0.104543674175,0.104788625241,0.104748600557,0.104941519534,0.105197677512,0.105344968349,0.10557791201,0.10573240729,0.105728404822,0.105892506026,0.106006976623,0.106240720777,0.106471262957,0.10662415725,0.106509686654,0.106624957744,0.106741829821,0.106967569039,0.107082840129,0.107239736891,0.107353406993,0.107510303755,0.107457471172,0.107675205453,0.107870525911,0.108071449825,0.108045834027,0.108113075496,0.108406856677,0.10843807593,0.108554147514,0.108593371704,0.108927177569,0.108995219532,0.109233766649,0.109409074765,0.109694851009,0.109884568011,0.109831735428,0.110075085507,0.110338447928,0.110333644966,0.110437709144,0.11071948292,0.110886786099,0.110986047315,0.111044483354,0.111076503101,0.111262217635,0.111306244787,0.111464742536,0.111647255095,0.111946639732,0.112028290087,0.112202797709,0.112347687066,0.112601443562,0.112858402034,0.113080138783,0.113345902685,0.113496395497,0.113554831536,0.113787775197,0.113898243325,0.11384941321,0.114079154896,0.114285682266,0.114313699545,0.114533835307,0.11475637255,0.114742764158,0.114954094489,0.114790793778,0.114823614019,0.114998922135,0.114905264375,0.114915670792,0.115199846049,0.11510218582,0.114948491033,0.115113392732,0.115187838644,0.115347136886,0.115527247964,0.115628110168,0.115740179283,0.115774600512,0.115737777802,0.115795413347,0.116010746147,0.11610040144,0.11637897324,0.116448616191,0.116410992988,0.116406190026,0.116626325788,0.116627126281,0.11657029123,0.116552680369,0.116583099129,0.116559084318,0.116408591507,0.116287716961,0.116161238959,0.11617884982,0.115865856791,0.11557207561,0.115815425689,0.115836238525,0.115681743245,0.115524846483,0.115375954659,0.115333528494,0.115460806989,0.115380757621,0.11549362723,0.115736176815,0.115618504244,0.11566333189,0.115726570891,0.115841041487,0.115795413347,0.115775401005,0.115741780271,0.1157633936,0.115655326953,0.115447198596,0.115233466784,0.115038146326,0.114661113802,0.114508219509,0.114489007661,