# R script for Peak Model
#  -- generated by MACS
p <- c(0.0427419770895,0.0498318097885,0.0569868863468,0.0640815519243,0.0712680421925,0.0712690087682,0.0711182229603,0.0711984487427,0.0711046909006,0.0712578931477,0.0711626854421,0.0713903140175,0.0713308696124,0.0713410186572,0.0712622427383,0.071238078346,0.0714004630622,0.0713361857787,0.0713564838683,0.0711800838045,0.0711762175018,0.071024948406,0.0710771434934,0.0711240224144,0.0711148399453,0.0712032816211,0.0713149211135,0.0714009463501,0.071486005011,0.0716986516632,0.0717266823582,0.0717924095053,0.0718209234882,0.0719422287375,0.0719818583408,0.0720132720508,0.07186538597,0.0719050155733,0.0718890670744,0.0718209234882,0.0719088818761,0.0717638955224,0.0718837509081,0.0717803273091,0.0719214473601,0.071962526827,0.0720553180934,0.0720915646819,0.0721239449675,0.0721070298929,0.0721268446946,0.0723240261357,0.0721611581317,0.0721543921018,0.0720258375348,0.0720717498802,0.072056767957,0.0721336107244,0.0721775899184,0.072163091283,0.0722365510356,0.0721737236157,0.0723394913468,0.0723535066943,0.0725492382719,0.0725178245619,0.0724835111249,0.0723612392999,0.0722945455771,0.0723704217689,0.0724018354789,0.0724293828861,0.072367038754,0.0724148842507,0.0723501236794,0.072348190528,0.0724675626259,0.0724694957773,0.0724443648093,0.0725482716962,0.0724994596238,0.0725516547111,0.0725303900459,0.0726478289925,0.0726246311759,0.0726135155554,0.0725323231973,0.0726545950223,0.0727942652098,0.0727314377898,0.0727981315125,0.0727628514998,0.0728711079773,0.0728430772822,0.0728662750988,0.0730049787106,0.0731325667019,0.073097769977,0.0731533480793,0.0732456560578,0.0732065097423,0.0732848023733,0.0731707464417,0.0732761031921,0.0732538719512,0.0730963201134,0.0730837546294,0.0731248340963,0.0730992198405,0.073135466429,0.073169779866,0.0732190752263,0.0733031673115,0.0732050598788,0.0732152089235,0.0733626117165,0.073373727337,0.0733664780193,0.0733572955502,0.0734510533923,0.07345830271,0.0734554029829,0.0737013964965,0.0737492419932,0.0738792464238,0.0739154930122,0.0739328913747,0.0740087675665,0.0739957187946,0.0739009943768,0.0739604387819,0.0740991423936,0.0740136004449,0.0740749780013,0.0740769111527,0.0741402218605,0.0742301133999,0.0742910076684,0.0744645080051,0.0745650318771,0.0745611655743,0.0744384104614,0.0745026877449,0.0745341014549,0.0746708719153,0.0746210932672,0.074703252201,0.0746602395827,0.0746481573866,0.0746239929943,0.0747090516551,0.0746631393098,0.0746462242352,0.0747452982436,0.0746665223247,0.0748052259365,0.0746626560219,0.0748313234801,0.0748042593608,0.0749231481709,0.0750488030108,0.0752334189679,0.0753218606437,0.0753102617354,0.0753808217609,0.075396286972,0.0756099001999,0.075584285944,0.0756843265281,0.0756562958331,0.0757196065409,0.0756645117264,0.0755920185496,0.075640830622,0.0756514629546,0.0757205731166,0.0757244394193,0.0757355550398,0.0757684186133,0.0758660427582,0.0757795342338,0.0759225874361,0.0760182784296,0.0759071222251,0.0760941546214,0.0760917381822,0.0761178357259,0.0762188428857,0.0762289919304,0.0761748636917,0.0761816297215,0.0761275014828,0.0761709973889,0.0762376911116,0.0760632241993,0.0761357173762,0.0761961283569,0.0761086532568,0.0763043848344,0.0765213810772,0.076628670979,0.0767867061046,0.0768393844798,0.077080061827,0.0773342712339,0.077343453703,0.0775019721165,0.077638259289,0.0776208609266,0.0775821978989,0.0778146593527,0.0779040676042,0.0780732183503,0.0780698353354,0.0781360457703,0.0781983899024,0.0782133718256,0.0782699165036,0.0782921477445,0.0783593247551,0.0783303274843,0.078381555996,0.078422152175,0.0784796634287,0.0784999615182,0.0785212261834,0.0785584393476,0.0786758782941,0.0788092657396,0.0789252548226,0.0790093469078,0.0790209458161,0.0790286784216,0.0791417677775,0.0791451507925,0.0793234840076,0.0794095092441,0.079582526293,0.0796381043952,0.0796279553505,0.0796680682417,0.0797009318152,0.0798280365187,0.0798995631199,0.0800020201432,0.0799652902669,0.0800421330344,0.0800189352178,0.0800793461985,0.0802344815971,0.0802306152943,0.0802919928507,0.0804055654945,0.08047612552,0.0806128959804,0.0806452762661,0.0807994450889,0.080918333899,0.0810435054511,0.0811855920778,0.0813740743376,0.0815818881114,0.0816471319706,0.0816345664866,0.0816340831987,0.0817408898127,0.0817114092541,0.0818713775311,0.0819752844179,0.0820497107462,0.0821425020126,0.0822159617652,0.0821990466906,0.0824996517307,0.0827973570438,0.0829215620201,0.083025468907,0.0829708573804,0.0829152792782,0.0829698908047,0.0829984047876,0.083135175248,0.0832038021221,0.0830133867109,0.0830172530136,0.0831284092182,0.0832434317255,0.0833449221731,0.0834792761943,0.0835015074352,0.0835889825353,0.0835981650044,0.0838958703174,0.084179560283,0.0843052151229,0.0844675998391,0.0845690902867,0.0847111769134,0.0849871342734,0.0852901557528,0.0856506884858,0.0859928562807,0.0862987774871,0.0865993825273,0.0870246758317,0.0875268119035,0.0880995080009,0.0886137262689,0.0890747828739,0.0894962098755,0.0899050713931,0.0902593213841,0.0905183636695,0.0909407572468,0.091165969383,0.0914192122142,0.0915187695105,0.0916507070924,0.0917918271434,0.0919392299364,0.0919179652712,0.0920750338211,0.0921306119234,0.0922040716759,0.0922639993688,0.0923321429551,0.092379505164,0.0925022602768,0.0927197398075,0.0927091074749,0.0929082220674,0.0929913475769,0.0931899788815,0.093298235359,0.093335931811,0.0934780184377,0.0936365368511,0.0936636009705,0.0936215549279,0.0938665818658,0.0938506333668,0.0940019024626,0.0940270334306,0.094119824697,0.0943382708033,0.0943856330122,0.0945702489694,0.0947302172463,0.0949211159455,0.0949911926831,0.0952313867425,0.0953497922648,0.0954111698212,0.0955870865971,0.0957427052835,0.0957335228144,0.095853861488,0.0960205957948,0.0961027547286,0.0961443174834,0.0962752884896,0.09641205895,0.0967145971415,0.0966933324763,0.096778874425,0.0969596240794,0.0970678805569,0.0971495562028,0.0972259156825,0.0974458116523,0.0975840319763,0.0976995377714,0.0976956714687,0.0978967192125,0.0978957526368,0.0981630108156,0.0982205220693,0.0984186700861,0.0985747720603,0.0987274910196,0.0988966417657,0.0989797672752,0.0991334528101,0.0991711492621,0.0994147263364,0.0993842792022,0.0994838364984,0.0994543559398,0.0994345411381,0.0995157334962,0.0995959592786,0.0996718354705,0.0997974903104,0.100084080003,0.100325240638,0.100511789747,0.100650976646,0.100916301674,0.101047755968,0.101148763127,0.101149729703,0.101274417967,0.101449851455,0.101515578602,0.10149818024,0.101716143059,0.101799751856,0.101808451037,0.101981468086,0.102018197962,0.102201847344,0.102473455113,0.102512118141,0.102591860635,0.102761494669,0.102830121543,0.102930645415,0.10314715837,0.103390735444,0.103578251129,0.103577284553,0.103526539329,0.10367442541,0.103758034207,0.103737736118,0.103804913128,0.103909303303,0.104025775674,0.104184777375,0.104278535217,0.10464148439,0.104877812146,0.104842048846,0.10504309659,0.105192915822,0.10530987148,0.105485304969,0.105593078158,0.10555006554,0.105662671608,0.105561664448,0.105604193779,0.10571148368,0.105785910009,0.105852120444,0.105823606461,0.105953610891,0.106043019143,0.106086031761,0.106118412047,0.106266298127,0.106359572682,0.106550471381,0.106682408963,0.106876690677,0.107112051858,0.107169563111,0.107257038212,0.107385109491,0.10756247613,0.10770601262,0.107833600612,0.108010967251,0.108143388121,0.108319788185,0.108364250666,0.108525185519,0.108662922555,0.108820474393,0.108839322619,0.108914232235,0.108939363203,0.109063084892,0.109026355015,0.109103197783,0.109189706307,0.109250600576,0.10929457977,0.109301829087,0.109369006098,0.109358373765,0.109334209373,0.109275731544,0.109300379224,0.109208071245,0.109221603305,0.109303762239,0.109410085565,0.109499493816,0.109607750294,0.109756119663,0.109916571227,0.109949918089,0.11013356747,0.11020316092,0.110381494135,0.110246656826,0.110253422856,0.110291602596,0.110370378515,0.110291602596,0.110296918762,0.11032881576,0.110263571901,0.110201711056,0.110168847483,0.110276137385,