# R script for Peak Model
#  -- generated by MACS
p <- c(0.0405680911127,0.0473253226319,0.054164070744,0.060899893865,0.067727937778,0.0677365834773,0.0678049256714,0.0677888693728,0.0676995304805,0.0678049256714,0.0678320978691,0.0677493461762,0.0676912964812,0.0677913395726,0.067798338472,0.067797926772,0.067855976467,0.0678399201684,0.067798338472,0.067751404676,0.0677794002736,0.0678839720646,0.0678584466668,0.0678753263654,0.0678621519665,0.0678707976658,0.0679090857625,0.0679539610586,0.0680054235542,0.0679230835613,0.0679395515598,0.0680293021521,0.0681305803434,0.0681458132421,0.0682479148333,0.0683520749244,0.0683302548263,0.0684941114122,0.0685323995089,0.0686077406024,0.0687201346927,0.0687361909914,0.0687374260913,0.0687160176931,0.068531576109,0.0684582935153,0.0685241655096,0.0685513377073,0.0686102108022,0.068740307991,0.0687160176931,0.0687094304937,0.0688234713839,0.0688662881802,0.069065962663,0.0691511845557,0.0691515962557,0.0689758003708,0.0690042076683,0.0689251612751,0.0689449228734,0.0688984007774,0.0688745221795,0.068961802572,0.0689309250746,0.0689770354707,0.0689519217728,0.0691540664554,0.0691540664554,0.0693043369425,0.0692829285444,0.0694019098341,0.0694113789333,0.0693660919372,0.0693599164378,0.0693080422422,0.0693500356386,0.0692516393471,0.0691758865536,0.0691762982535,0.0692606967463,0.0692211735497,0.0692088225507,0.0691680642542,0.069194001352,0.0692417585479,0.0692676956457,0.0692553446467,0.0693640334374,0.0692948678433,0.069299396543,0.0693138060417,0.0693352144399,0.0693718557367,0.0694327873315,0.0695155390244,0.0696192874155,0.0697366219054,0.0697823206014,0.0698317245972,0.0698465457959,0.069868365894,0.0699655270857,0.0700523957782,0.0700738041764,0.0701186794725,0.0699688206854,0.0699824067842,0.0699449420875,0.0699453537874,0.0700309873801,0.0700054619823,0.0699107709904,0.0699770546847,0.0699605866861,0.0699428835876,0.0700968593744,0.070136794271,0.0702051364651,0.0701750823677,0.0701293836716,0.0702331320627,0.0703632292515,0.0703080614562,0.0703566420521,0.0702792424587,0.0702417777619,0.0702821243585,0.0703101199561,0.0703245294548,0.0703776387503,0.0703821674499,0.0702442479617,0.0702207810638,0.070322882655,0.0704686244424,0.0706032503309,0.0706024269309,0.070648537327,0.0707107040216,0.0708280385116,0.0708601511088,0.0709873663979,0.0710701180907,0.0710116566958,0.0710515915923,0.0709799557985,0.0709774855987,0.0709630760999,0.0710655893911,0.070973780299,0.0709902482976,0.0710894679891,0.0711129348871,0.071102230688,0.0710285363943,0.0712372682764,0.0712693808736,0.0713167263695,0.0712512660752,0.0712940828715,0.0714406480589,0.0714147109611,0.0714583511574,0.0715225763518,0.0716617309399,0.0715423379501,0.0715876249463,0.0716633777397,0.0717350135336,0.0717671261308,0.0716378523419,0.0716996073366,0.0717453060327,0.0717473645325,0.071730073134,0.0717366603334,0.0718305279254,0.0718873425205,0.0720351428078,0.0720487289066,0.0722142322924,0.0722237013916,0.0722961605853,0.0724126716753,0.0725612953626,0.0725876441603,0.0726366364561,0.0726176982577,0.0725608836626,0.0725752931614,0.0726156397579,0.072683981952,0.0727272104483,0.0727486188465,0.0727251519485,0.0728758341355,0.072963526228,0.0730759203183,0.0731553784115,0.0732797118008,0.0733130594979,0.0733846952918,0.0734464502865,0.0735674900761,0.0736275982709,0.0736889415656,0.0737099382638,0.0737235243627,0.0737869261572,0.0737885729571,0.0739326679447,0.0739281392451,0.0739120829464,0.0739100244466,0.0739812485405,0.0739763081409,0.0740261238366,0.0740833501317,0.0741224616284,0.0742768491151,0.0743270765108,0.0744370004013,0.0745008138958,0.0746185600857,0.0747404232752,0.0749001628615,0.0748647566646,0.0749170425601,0.0749956772533,0.0750426110493,0.0749808560546,0.0750780172462,0.0751496530401,0.0751512998399,0.0751496530401,0.0751298914418,0.0752175835342,0.0752797502289,0.0753489158229,0.075464603513,0.0756185792998,0.0756840395941,0.075812901683,0.075976758269,0.0760673322612,0.0761574945534,0.0761998996498,0.0763674615354,0.0765255543218,0.0766132464142,0.0766696493094,0.076743755303,0.076930255387,0.076941371286,0.0770850545737,0.0771480446683,0.0772785535571,0.0774148262453,0.0775309256354,0.0776317921267,0.0778681079064,0.0779862657962,0.0781036002861,0.0782806312709,0.0784609558554,0.0786593952384,0.0788154295249,0.0788310741236,0.078919177916,0.0789512905133,0.0789434682139,0.0791151470992,0.0791349086975,0.0792147784906,0.0792308347892,0.0792608888867,0.0794119827737,0.0795305523635,0.0796207146557,0.0798809090334,0.0799710713256,0.0799529565272,0.0800801718162,0.0802534975013,0.0802983727975,0.080396769089,0.0805334534773,0.0807310694603,0.0808224668524,0.0809352726427,0.0810962473289,0.0812601039148,0.0813910245035,0.0815441768904,0.0817405577735,0.0819645225542,0.0821584332376,0.0822337743311,0.0825388440049,0.0828187999808,0.0831316919539,0.0835458621183,0.0839497397836,0.0843210931517,0.0847793152123,0.0852820008691,0.0857126390321,0.0862556712854,0.0866566670509,0.086934564527,0.087214108803,0.0873944333875,0.08759781317,0.0878024280524,0.0880251577333,0.0881618421215,0.0882622969129,0.0884228598991,0.0886225343819,0.0887452209714,0.0888147982654,0.089016942948,0.089156920936,0.0892512002279,0.0893952952155,0.0894694012091,0.0897530624847,0.089785175082,0.0898679267749,0.0901215339531,0.0903356179347,0.0905221180186,0.0907049128029,0.09097128268,0.0910672087718,0.0913352254487,0.0913422243481,0.0915773050279,0.0917135777162,0.0919177808987,0.0921335116801,0.0923002501658,0.0926102602391,0.0927831742243,0.092960205209,0.0930870087981,0.0933739636735,0.0935686977567,0.0937675488396,0.0939182310267,0.0942356516994,0.0943838636867,0.0944707323792,0.0946506452637,0.094880785544,0.0950639920282,0.0951982062167,0.0952731356102,0.0954608707941,0.0955255076885,0.0956535463775,0.0958536325603,0.0960141955465,0.0960854196404,0.096229514628,0.0964061339128,0.0965312907021,0.0967083216869,0.0968149519777,0.0969676926646,0.0971220801513,0.0972138892434,0.0974057414269,0.0976688177043,0.0978495539888,0.0979817096774,0.0981081015665,0.098334948247,0.0984959229332,0.0986556625195,0.0987717619095,0.0990550114851,0.0992629199673,0.0993374376609,0.0995947501387,0.0997968948214,0.100084673097,0.100244412683,0.100441616966,0.100684519945,0.100897368827,0.101078928511,0.101068224312,0.101395114084,0.101519035773,0.101661895661,0.101814636348,0.101999901332,0.102200399215,0.102434656495,0.102577928082,0.102677971174,0.102964514349,0.103001567346,0.103166659032,0.103356041015,0.103443733108,0.10365575859,0.103837318274,0.104012702459,0.104254782038,0.104428107723,0.10458620051,0.104901150983,0.105100825465,0.105382428241,0.105608039822,0.105759133709,0.106074495882,0.106126781777,0.106231765268,0.106511721244,0.106749683824,0.106862489614,0.107281188478,0.10737917307,0.107622899449,0.107937849922,0.108139582904,0.108328964888,0.108634034562,0.108806536847,0.108951455234,0.109135896819,0.109102549121,0.109324455402,0.109444260092,0.109601529479,0.109653403674,0.110032167642,0.11004410694,0.110112449135,0.110410931609,0.110608135892,0.110709825783,0.110946553263,0.111204277441,0.111317906631,0.11156286811,0.111604038106,0.111932162978,0.112226940153,0.112299811047,0.112419204036,0.11272221521,0.112906656794,0.11307133678,0.113241780566,0.113336059858,0.113476037845,0.113594607435,0.11377287352,0.113954844904,0.114318375973,0.114528754655,0.114619328647,0.114888580424,0.115061906109,0.115231938195,0.115445610476,0.115579001265,0.115720626053,0.115993583129,0.116050397724,0.116176789613,0.116464979589,0.116508208085,0.116713646367,0.11691332085,0.117072648736,0.117210568224,0.117321315515,0.117442767005,0.117675789184,0.117771303576,0.117748660078,0.117924867663,0.118122071946,0.118286751932,0.118414790621,0.118695158297,0.118956999474,0.119107269961,0.119083803063,0.119310649744,0.119603780119,0.119896910494,0.11993931559,0.120085469077,0.120262911762,0.120472878744,0.120594330234,0.120660202228,0.120856583111,0.120876756409,0.120925337005,