# R script for Peak Model
#  -- generated by MACS
p <- c(0.0420745182931,0.0490866183469,0.0561452291846,0.0631937706774,0.0702231324654,0.0703233464227,0.0702888229542,0.0703271823637,0.0703180720039,0.0702020347902,0.0701818961002,0.0701838140707,0.0700533920785,0.0700989438772,0.0700572280194,0.0700509946154,0.0700337328811,0.0700529125858,0.0700308559254,0.0700672973644,0.0701440161834,0.0702360787661,0.0704202039317,0.0703497185167,0.0704854149278,0.0704997997063,0.0705146639775,0.0706393320583,0.0706167959053,0.0706709785712,0.0707078995028,0.0706585117631,0.070569326136,0.070603370112,0.0706254267724,0.0706350166248,0.0705956982301,0.0706028906193,0.070682486394,0.0707261202223,0.0707337921042,0.0708090724453,0.0707524923163,0.0707606436908,0.0707275587002,0.0707558487647,0.0709020940133,0.0708814758307,0.0709524407383,0.0709567561718,0.0709275071221,0.0709083274174,0.0710958090312,0.0711322504702,0.0711207426474,0.0710564906365,0.0709773743544,0.0710023079706,0.0710526546955,0.0710296390498,0.0710469007841,0.071091014105,0.070997992537,0.0709884026847,0.0710521752029,0.0711869126287,0.0712645904329,0.0712329439201,0.071250685147,0.071287126586,0.0713686403312,0.0713101422317,0.0714060407554,0.0715024187717,0.0715556424524,0.0715331062993,0.071549888541,0.0716155790297,0.0715724246941,0.0715944813545,0.0715652323048,0.0716333202566,0.0715681092605,0.0715273523879,0.0714280974159,0.0714856365301,0.0715076931905,0.0714976238456,0.0715057752201,0.0714904314563,0.0714990623234,0.0714880339932,0.0715820145464,0.0716668847399,0.0717733321012,0.0717527139186,0.0717546318891,0.0719071105418,0.0719435519808,0.0721060999785,0.0721377464913,0.0721128128752,0.0722106293694,0.0721799418418,0.0721564467035,0.0721511722847,0.0721976830687,0.0721276771463,0.0721516517773,0.0721271976537,0.0722125473398,0.0722235756701,0.0722259731331,0.0722863892031,0.0723899596087,0.0724633219793,0.0724709938612,0.0724359909001,0.0723496822287,0.0723036509374,0.0722883071736,0.0723549566475,0.0723012534743,0.0723213921642,0.0723578336032,0.07232426912,0.0723587925885,0.0724355114075,0.0726244314992,0.0727040272738,0.0728301338325,0.0729389786569,0.073044467033,0.0731159114332,0.072955281406,0.0729802150221,0.0729586378543,0.0729337042381,0.0729030167105,0.0729197989522,0.0728095156499,0.0726977938698,0.072702588796,0.0726364188146,0.0727337558162,0.0728080771721,0.0728493135373,0.0728665752715,0.0728397236849,0.0728378057144,0.0729197989522,0.0731408450494,0.0730324797176,0.0730751545606,0.073058372319,0.0729821329926,0.0730305617471,0.0730156974759,0.0731705735917,0.0731533118574,0.0731691351138,0.0731044036103,0.0732544847999,0.073277020953,0.0733441499196,0.0735848552141,0.0736030759336,0.0737373338668,0.0736404763579,0.0737589110347,0.0736697254076,0.0737210311178,0.0736510251955,0.0737018514131,0.0737589110347,0.0736179402048,0.073622735131,0.0735210826959,0.0735853347068,0.0735191647254,0.0736817127231,0.0736778767821,0.0736332839686,0.0737430877783,0.0737646649461,0.0738658378886,0.0738327528979,0.0739698877868,0.0739972188661,0.0739837930728,0.0740293448715,0.0739612569197,0.0740629093548,0.0739387207666,0.0739224180176,0.0739411182297,0.0739406387371,0.0739252949733,0.0737958319663,0.073802544863,0.0737243875661,0.0737910370401,0.0737848036361,0.0738648789034,0.0738883740417,0.0738759072336,0.0739094717169,0.0740106446594,0.0741856594652,0.0743055326198,0.0742853939298,0.0743702641233,0.0744608882282,0.0744690396028,0.0745404840029,0.074563020156,0.0746958396113,0.0746306286152,0.0746828933106,0.0747519402477,0.0748962675259,0.0748670184762,0.0749619580146,0.0749562041032,0.075001755902,0.0750218945919,0.0749705888818,0.0750597745088,0.075111080219,0.0751206700714,0.0751973888903,0.075323495449,0.0752985618329,0.0754126810761,0.0753748011592,0.0754683022198,0.0756097525423,0.0757233922929,0.0756869508539,0.075745928446,0.0757627106876,0.0758317576247,0.0759617001243,0.0760595166185,0.0761813077436,0.0762930295237,0.0762949474942,0.0762810422083,0.0765970278439,0.0766267563863,0.0767595758416,0.0768185534337,0.0769120544943,0.0768612282767,0.0768871208781,0.0768377331384,0.0769024646419,0.0769182878983,0.0768775310258,0.0770045965697,0.0770563817725,0.077157554715,0.0770674101027,0.0771565957298,0.0773527082108,0.0775181331642,0.0776941069552,0.0778135006172,0.0778422701743,0.0779261813825,0.0779635818068,0.0780441365667,0.0782354541215,0.0783994405971,0.078320324315,0.0783701915473,0.0785116418698,0.0786166507533,0.0786631615373,0.0786382279211,0.078791665559,0.0788976334277,0.0790012038333,0.0791062127168,0.0793450000409,0.0793958262584,0.0793881543765,0.0796068030106,0.0796854398,0.0798997730005,0.0798575776501,0.0799975894947,0.0800436207861,0.0801486296696,0.0802066482764,0.0803735117077,0.0805307852865,0.0806046271498,0.0808438939665,0.0810630220931,0.0814288749611,0.0816767726449,0.0820522153652,0.0824243016372,0.0828563244865,0.0834437029443,0.0839788167066,0.0844084420928,0.0848366290012,0.085256664535,0.0856930028179,0.0859931651971,0.0863321664785,0.0865738307582,0.0868653622703,0.0869061191429,0.0870303077311,0.0872479973799,0.0874417123978,0.0875965885136,0.0876133707552,0.0877193386239,0.0878377733007,0.0880137470917,0.0881379356799,0.0882530139084,0.0884376185665,0.0884419340001,0.0885440659279,0.0887339450048,0.0888835467018,0.0889832811665,0.0891918604555,0.0892834435457,0.0893870139513,0.0895605902792,0.0896094985263,0.0898765759148,0.0899882976949,0.0901019374455,0.0902855831185,0.0904519670571,0.0905886224534,0.0907358266873,0.0908830309212,0.0910369480517,0.0911117489002,0.0911520262802,0.0913006689919,0.0913486182538,0.0915054123401,0.0916492601256,0.0917825590736,0.0919335992484,0.0920750495709,0.0921824559175,0.0923344550775,0.0924504922912,0.0926250276044,0.0926840051965,0.0927170901872,0.0927731908235,0.0927137337388,0.0927995629175,0.0928201811001,0.0930114986549,0.0931131510901,0.0932263113481,0.0932133650474,0.0933514589215,0.0933605692813,0.0935269532199,0.0937029270109,0.0938908881174,0.0940328179325,0.0940505591594,0.0941196060964,0.094130154934,0.0943195545184,0.0943535984943,0.0944964872946,0.0946173194345,0.0946748585487,0.0946623917406,0.0946930792682,0.094791375255,0.094914604858,0.0950924966195,0.0951807232613,0.0954012898658,0.095585894524,0.0957383731767,0.0958424230749,0.0959838733974,0.0961823833415,0.0962053989872,0.0963780163298,0.0964839841985,0.09642932204,0.096582759678,0.09664173727,0.0966196806096,0.0968124366422,0.0969529279795,0.0970948577946,0.0973791969174,0.0974587926921,0.0976309305421,0.0978361533829,0.0979526700892,0.0982365297194,0.098485865881,0.0986086159914,0.0987265711755,0.0987654100776,0.0987855487676,0.0990396798554,0.0991691428624,0.0994549204631,0.0995541754351,0.0996447995401,0.099695146265,0.0998946151943,0.100044696384,0.100249439732,0.100388013099,0.100499255386,0.100651254546,0.100761058356,0.100933196206,0.101047315449,0.101268361546,0.101399742524,0.101487489673,0.101540233861,0.101630857966,0.101643324774,0.10196842077,0.10214247659,0.10241530789,0.102603268997,0.102747116782,0.102918295647,0.103035771338,0.103381965009,0.103690758255,0.103853306253,0.103848511327,0.103965507526,0.104124219583,0.104187033116,0.104239777304,0.104382186611,0.104684266961,0.104891887265,0.105016075853,0.105292743094,0.105455291092,0.105607290252,0.10557036932,0.105933345232,0.106315021357,0.106517846734,0.106754716088,0.106820886069,0.10712872033,0.10737949497,0.107532932608,0.107801448474,0.108057977025,0.108142367726,0.108192234958,0.108289092467,0.10844157112,0.108627134763,0.108767626101,0.108955107715,0.109270613858,0.109523306468,0.109717500978,0.109970673081,0.110344197831,0.110720120043,0.110854377977,0.111039462127,0.111293113723,0.111404835503,0.111626361093,0.111774044819,0.112040642715,0.11221182158,0.112309158581,0.112476980998,0.112786253737,0.113061003007,0.113380345091,0.113730854195,0.114136984443,0.11437625126,0.114638533722,0.11490177517,0.115248448333,0.115435450454,0.115705884291,