# R script for Peak Model
#  -- generated by MACS
p <- c(0.0422416978083,0.0493482542583,0.0563791909661,0.0635018909566,0.0706135453668,0.0705753106657,0.0706254406071,0.0708412542535,0.0706237412871,0.0705353766445,0.0706109963867,0.0706492310878,0.0707681834914,0.0706679236084,0.0706526297279,0.0706611263282,0.0707036093294,0.0705829576059,0.0707749807716,0.0709355665163,0.0709364161763,0.0708276596931,0.0706840671489,0.0708939331751,0.0710630155201,0.070960206657,0.071096152261,0.0712915740668,0.0713697427891,0.0714462121914,0.0715175836335,0.0717172537394,0.0718659442438,0.0718676435638,0.071770782321,0.0718778394841,0.0716450326373,0.0717444428602,0.0716305884168,0.0716339870569,0.0715116360133,0.071299221007,0.0712686332461,0.0711488311826,0.0713153645475,0.0713943829299,0.0715787591553,0.071330658428,0.0715124856734,0.0714691530121,0.0716951625787,0.0717393449001,0.0718430034231,0.0719135252052,0.0717860762014,0.0718336571628,0.0717818279013,0.071837905463,0.0717486911603,0.0717886251815,0.0717792789212,0.0719458122862,0.0719780993671,0.0719713020869,0.0720894048304,0.072144632732,0.0721871157333,0.0722746307159,0.072178619133,0.0721327374917,0.0720622157096,0.0719670537868,0.0719271197656,0.0720027395078,0.0720486211492,0.0719687531068,0.0719381653459,0.0719475116062,0.0721063980309,0.0721828674332,0.0722686830957,0.072480248442,0.0725252804233,0.0725176334831,0.0725550185242,0.072549070904,0.0726535790871,0.0728311580323,0.072717303589,0.0727461920298,0.07275213965,0.0728957321942,0.0729399145155,0.0730478213387,0.0729747505766,0.0731463819016,0.073327359487,0.0732440928045,0.0734072275293,0.0734403642703,0.073564414634,0.0733460520075,0.0734089268494,0.0733180132267,0.0732678832852,0.0733299084671,0.0733307581271,0.0733825873886,0.0733307581271,0.0735788588544,0.0735678132741,0.0736842166975,0.0736281391359,0.0737708820201,0.0738422534622,0.0738847364635,0.073868592923,0.0738515997225,0.0739739507661,0.0739051283041,0.0740087868271,0.0741149943303,0.0742296984337,0.0741897644125,0.0741642746117,0.0739968915868,0.0740138847873,0.07410734739,0.0741634249517,0.0740028392069,0.0739527092655,0.0739510099454,0.0740291786677,0.074274730415,0.0743121154561,0.0744582569804,0.0745398243428,0.0747199522681,0.0748321073915,0.0751260897601,0.0751915135821,0.074986745516,0.0750768094787,0.0749892944961,0.0751779190217,0.0753334068063,0.0754124251886,0.0754481109097,0.0753342564663,0.0752849761848,0.0753359557863,0.0755152340516,0.0755747102534,0.0754387646494,0.0754557578499,0.0753954319881,0.0753300081662,0.0751464816007,0.0753690925273,0.075391183688,0.075561115693,0.0755866054938,0.075562815013,0.0757956218599,0.0758848361626,0.0759884946856,0.0761227409696,0.076340253936,0.0762986205948,0.0763529988364,0.076205157992,0.0764184226583,0.0764439124591,0.0765849560233,0.0766299880046,0.0765705118028,0.0764821471602,0.0763971811577,0.0765033886608,0.076577309083,0.076712405027,0.076746391428,0.0768874349922,0.076845801651,0.0769367152736,0.0771049479586,0.077353048686,0.0774830466698,0.0775867051929,0.0776852657558,0.0777285984171,0.0778399038803,0.077895131782,0.0779571569638,0.0779877447247,0.078099050188,0.0781415331893,0.0781542780896,0.0782137542914,0.078200159731,0.0782944719938,0.0783802876563,0.0784423128381,0.0785085863201,0.0786581264845,0.0785774087821,0.0785570169415,0.0787167530263,0.0787507394273,0.0789368149728,0.0789419129329,0.0788832863912,0.0789385142928,0.0791322367785,0.0792282483614,0.0793973307064,0.0795349756304,0.0796054974125,0.0796921627351,0.0797660831573,0.0798400035794,0.0799504593827,0.0801101954674,0.0802801274725,0.0803183621736,0.080467052678,0.0805078363592,0.0806820166643,0.080670971084,0.0807321466058,0.0809793976731,0.080941162972,0.0808706411899,0.080669271764,0.0806233901226,0.0808638439097,0.0808825364303,0.0810609650355,0.0812325963606,0.0813422025038,0.0813761889048,0.0816914127742,0.0818018685774,0.0819463107817,0.0821281380271,0.0820304271242,0.0824017285552,0.0825002891181,0.0825257789188,0.082599699341,0.0826387837022,0.0827976701269,0.0830661626948,0.0832157028592,0.0831604749576,0.0832029579588,0.0831052470559,0.0832743294009,0.0835351750286,0.083445111066,0.0837119043139,0.083613343751,0.0835997491906,0.0837730798357,0.0840840554049,0.0842276479491,0.0841460805867,0.084087454045,0.0841630737872,0.0844876439168,0.0845309765781,0.0846244391808,0.0846405827213,0.0848164623465,0.084901428349,0.0850407725931,0.0852820760403,0.0853500488423,0.0855310264276,0.0856015482097,0.0857519380342,0.0857927217154,0.0860331755025,0.0860552666631,0.0864308163942,0.0866049966994,0.0869040770282,0.0869278675089,0.0869779974504,0.0871096947543,0.0871785172163,0.0875260281666,0.0874181213434,0.0874996887058,0.0872932213197,0.0873679914019,0.0873858342624,0.0877885731143,0.0879015778977,0.088285624229,0.088758035203,0.0892363937971,0.0900512177612,0.0907666315024,0.0914726989832,0.0922798760071,0.093224697955,0.0940429205592,0.0950446697288,0.0956581242669,0.096067660399,0.0965035359919,0.0968671904826,0.097218949733,0.0975146314218,0.0976803151267,0.0977805750096,0.0977397913284,0.0977763267095,0.0981093934393,0.0981450791604,0.0982393914232,0.0982691295241,0.0983889315876,0.0986259867346,0.0987109527371,0.098673567696,0.0988044153399,0.0989488575442,0.0988655908617,0.0991782657509,0.099451856279,0.099688061766,0.0996285855642,0.0997305447673,0.0999871420948,0.100373737406,0.10050288573,0.100560662612,0.100695758556,0.100700006856,0.100737391897,0.100798567419,0.10119280967,0.101386532156,0.101412021957,0.101308363434,0.101431564138,0.101606594103,0.101666919964,0.101907373752,0.102124037058,0.102449456848,0.102343249344,0.102441809907,0.102657623554,0.103025526345,0.103226046111,0.103161471949,0.103371337975,0.103518329159,0.103442709417,0.103458003297,0.103712051645,0.103800416288,0.10387518637,0.103921917671,0.104015380274,0.104387531365,0.104392629325,0.104594848411,0.104874386559,0.105029874344,0.10491092194,0.104865889959,0.105135232187,0.105120787967,0.105195558049,0.105336601613,0.105477645177,0.105340849913,0.105324706373,0.105362091414,0.105635681942,0.105769078566,0.105839600348,0.106170967758,0.106276325601,0.106161621497,0.106312011322,0.106687561053,0.10692546586,0.107151475427,0.107394478194,0.107761531325,0.107674866002,0.107679963962,0.107712251043,0.108036821173,0.10828577156,0.108199955898,0.108160871536,0.108160021876,0.108189759977,0.108331653201,0.108587400869,0.108652824691,0.108722496813,0.108730143753,0.108803214515,0.109088700284,0.109491439136,0.1096197378,0.109710651422,0.109673266381,0.109775225584,0.109912020848,0.110059012032,0.110126984834,0.110335151541,0.110363190321,0.110264629759,0.110197506617,0.110433712104,0.11064017949,0.110612990369,0.110720047532,0.111073506102,0.111279973489,0.111264679608,0.111350495271,0.111476244954,0.111903623947,0.111941858648,0.111844997405,0.112041268871,0.112297016539,0.112204403596,0.112156822634,0.112225645097,0.112285121298,0.112286820618,0.112364139681,0.112641128849,0.112889229576,0.112977594219,0.112820407114,0.112947006458,0.113143277924,0.11335654259,0.113273275907,0.113510331054,0.113422816072,0.113163669764,0.113055762941,0.113280073188,0.11337183647,0.113425365052,0.113321706529,0.113087200362,0.113457652133,0.113261380667,0.113140728944,0.113037920081,0.11302432552,0.112805113234,0.112779623433,0.112621586668,0.112580802987,0.112494137664,0.112430413163,0.112523026105,0.112629233608,0.112608841768,0.112745637032,0.112866288755,0.112845047255,0.11301073096,0.113154323504,0.11334464735,0.113291968428,0.113161970444,0.113120337103,0.113231642566,0.112994587419,0.112911320737,0.112760081252,0.112557862166,0.112447406363,0.112365839001,0.112055713091,0.112217998156,0.11199623689,0.112123685894,0.112067608332,0.111941008988,0.112027674311,0.111945257288,0.111697156561,0.111491538835,0.111463500054,0.111386180992,0.111375135411,0.111086251003,0.11099533738,0.110803314214,0.110609591729,0.110577304648,0.110575605328,0.110460051564,0.110519527766,