# R script for Peak Model
#  -- generated by MACS
p <- c(0.0409694943296,0.0478286433319,0.054675006149,0.0614548808036,0.0682513774989,0.0684201551423,0.0682552133544,0.0682238872009,0.0683376842484,0.0682827036524,0.068384353824,0.0683702890204,0.068376682113,0.0683996972462,0.0684003365554,0.0683312911558,0.0683383235576,0.06831914428,0.0683664531649,0.0683881896796,0.0683415201039,0.0683095546411,0.0682980470745,0.06831914428,0.0684923970882,0.0685755072914,0.068729580822,0.06869697605,0.0686132265375,0.0686944188129,0.0688561640546,0.0688599999101,0.0688005441494,0.068902194321,0.0688465744157,0.0688011834586,0.068852328199,0.0689974514,0.0690920691699,0.0690140734407,0.0689309632375,0.0690709719644,0.0691304277252,0.0690179092962,0.0690613823256,0.0691253132511,0.0690626609441,0.0691368208177,0.0691655897342,0.0692391102986,0.0691911621045,0.0691694255898,0.0692071448359,0.0693049591519,0.06937528317,0.069287697802,0.0693030412242,0.0692697971429,0.0691988338155,0.0691796545379,0.0692832226373,0.0692346351338,0.0693586611294,0.0694673437028,0.0693740045515,0.0694219527457,0.0694392140956,0.0695651580189,0.0696911019423,0.0697237067143,0.069665529572,0.0698202424119,0.0697467218475,0.0696732012831,0.069605434502,0.0697102812199,0.0696405965111,0.0696163027594,0.069602877265,0.0696495468407,0.0696648902628,0.0695984021002,0.0696610544073,0.069712838457,0.0698707478431,0.0698343072155,0.0699973310757,0.0699142208724,0.0699007953781,0.0699934952201,0.0700855557529,0.0701373398026,0.0702217286243,0.0702786271481,0.0703764414642,0.0703898669585,0.0702997243535,0.0703917848863,0.0705746273334,0.0704729771617,0.0705164501911,0.0706142645072,0.0705618411483,0.0706654092477,0.0705535301279,0.0706596554644,0.0706865064531,0.0707069643493,0.0706820312883,0.0707881566247,0.0707287008639,0.0708201220875,0.0708520875503,0.0708111717579,0.0708450551484,0.0708322689633,0.0708572020243,0.0709754742366,0.0709978500605,0.0708802171575,0.0709735563088,0.0707977462635,0.0708808564668,0.070878938539,0.0710023252253,0.0710400444714,0.0711634311577,0.0710528306565,0.0709767528551,0.0711896428372,0.0713085543587,0.0713680101194,0.0713878287064,0.0713801569953,0.0713079150494,0.0712081828056,0.0712753102774,0.0713449949862,0.0712638027108,0.0712145758981,0.0711129257265,0.0711519235911,0.0711512842818,0.0710809602637,0.0712350337943,0.071426826571,0.0714261872617,0.0713712066657,0.0716256517494,0.0715393449999,0.0716429130993,0.0716678461603,0.0718168052168,0.0719037512756,0.0718257555464,0.0718954402552,0.0718711465035,0.0720220234878,0.071987500788,0.0720348096729,0.0720034835194,0.072154999813,0.0720431206933,0.0721665073796,0.0722898940659,0.0722898940659,0.0724062483504,0.0723557429192,0.072365332558,0.072532831583,0.0726344817546,0.0725788618494,0.072713116793,0.0727271815966,0.0726753975469,0.0727674580797,0.0726926588968,0.0728735834162,0.0730417217504,0.0730781623779,0.0731951559717,0.0732565296602,0.0732955275248,0.0734189142111,0.0734585513849,0.0734643051682,0.0736324435024,0.0735896097823,0.0735033030328,0.0735506119177,0.0734738948071,0.0734566334572,0.0735506119177,0.0734745341163,0.0735908884008,0.0736081497507,0.0734738948071,0.0734898775385,0.0737034068298,0.0737487977869,0.0737385688388,0.0739469836561,0.0739431478006,0.0741400550513,0.0741496446901,0.0741515626179,0.0743753208573,0.0744539558958,0.0744322193811,0.0744788889567,0.0746451093632,0.0745709494895,0.0745019040899,0.0744980682344,0.0745536881396,0.0745492129748,0.0746457486724,0.0746495845279,0.0747071223609,0.0747883146364,0.0747269409479,0.0749347164559,0.075095183079,0.0751661464064,0.0751763753545,0.0754180342531,0.0754320990567,0.0755708291651,0.0756596931516,0.0757709329621,0.0758987948132,0.0757747688176,0.0758163239192,0.0758879265558,0.0759927732737,0.0760624579826,0.0761308640729,0.0762005487818,0.0761915984522,0.0762804624387,0.0763910629399,0.0765694302222,0.0766487045699,0.0766742769401,0.0768181215226,0.0769990460419,0.0771301044393,0.0770565838749,0.0772707524755,0.0773576985342,0.077442087356,0.0774229080783,0.0775629168053,0.0776236511845,0.0777994612298,0.077614700855,0.0776901393471,0.07788512867,0.0777892322817,0.0776952538211,0.0777278585932,0.0779874181509,0.0779874181509,0.0780641352616,0.0780155477582,0.0782687142233,0.0782182087922,0.0782706321511,0.0784419670316,0.0786689218173,0.0788811724901,0.0788300277497,0.0790742438853,0.0791739761291,0.0792283174158,0.0792864945581,0.0794853197366,0.0797218641611,0.0799475403283,0.0801009745496,0.08015211929,0.0803081107484,0.0803611734166,0.0803912209516,0.0805114110916,0.080582374419,0.080762659629,0.0808387374305,0.0808380981212,0.0810113509294,0.081077839092,0.081187800284,0.0813348414127,0.0815880078779,0.0818469281264,0.082008673368,0.082121191797,0.0822375460815,0.082649261242,0.082824431978,0.083279620168,0.0837539876355,0.0841912751663,0.0846899363856,0.0852416602731,0.0858713798898,0.0865138856915,0.0871186722472,0.0874626206267,0.0878557958188,0.0881869580132,0.0885852476794,0.0887610577246,0.0890161421176,0.0891734121944,0.089292323716,0.0894297752059,0.0895729804791,0.0896823023618,0.0899322722807,0.0901400477888,0.0902084538791,0.0904622596535,0.090746112963,0.0908426486605,0.0910069511392,0.0911437633199,0.0913176554374,0.0915126447603,0.0915900011802,0.0915778543044,0.0916302776633,0.0916539321058,0.091627081117,0.0919678329502,0.0921845587878,0.0922369821468,0.0923328785351,0.0923872198218,0.092520196147,0.0928698983097,0.0931416047433,0.093388378116,0.0936153329017,0.0936364301071,0.0937176223825,0.093973985394,0.0941152727395,0.0942802145274,0.0944010439767,0.0943984867396,0.0945378561573,0.0947328454803,0.0947769578189,0.0948268239408,0.0948632645684,0.0948824438461,0.0951618219907,0.0951439213316,0.0953184527583,0.0954891483295,0.0954565435575,0.0955294248126,0.095715463806,0.0958222284517,0.0959686302712,0.0960779521539,0.0962288291382,0.0965165183031,0.0967671275313,0.0969902464615,0.0973955685294,0.0976480956854,0.0978187912566,0.0980265667646,0.0982106878302,0.0984242171215,0.09836540067,0.0985936340743,0.0986390250314,0.0986888911533,0.098770722738,0.0987854268509,0.0990168568014,0.0992124854336,0.0993876561696,0.0996874922104,0.0999604772625,0.100117747339,0.100299950477,0.100447630915,0.100396486175,0.10053777352,0.10051220115,0.10065860297,0.10082162683,0.100828019922,0.101022369936,0.101134888365,0.101143838694,0.101387415521,0.101764607982,0.102068919187,0.102343822167,0.102422457205,0.102472323327,0.102673066434,0.102661558867,0.102979934876,0.103175563508,0.103518872579,0.103602622091,0.103590475215,0.103848116845,0.104115987423,0.104421577247,0.104683054733,0.104946450146,0.104926631559,0.105206649013,0.105126096047,0.105369033564,0.105537171898,0.105688688192,0.105854269289,0.106045422756,0.106083781312,0.106153466021,0.106240412079,0.106337587086,0.106478874432,0.106579245985,0.106837526924,0.106890589592,0.107129691254,0.107257553105,0.107365596369,0.107618123525,0.107872568609,0.1081206206,0.108282365841,0.108474797927,0.108793813246,0.109060405205,0.109217675282,0.109435679738,0.109727844068,0.109836526642,0.110008500831,0.110059006262,0.110236094926,0.1102757321,0.110190703969,0.110350531283,0.110477753825,0.110565978502,0.110666350055,0.11092015583,0.111154143017,0.111416259812,0.111668147659,0.112118221374,0.112385452643,0.112396320901,0.112466005609,0.112728761713,0.112847673235,0.112998550219,0.11315262375,0.113194818161,0.11341026538,0.113393643339,0.113380857154,0.113698593854,0.113834127416,0.114009298152,0.114137160003,0.114349410676,0.114539924834,0.114905609728,0.114997030952,0.115202888532,0.115607571291,0.115697074587,0.115764841368,0.115932340393,0.116206604063,0.116265420515,0.116319761802,0.11632999075,0.116395839603,0.116463606384,0.116504522176,0.116727641107,0.116926466285,0.117010215797,0.117108669423,0.117135520412,0.11734329592,0.117512712872,0.117750535915,0.11785793987,0.118139875252,0.118274130196,0.118517707022,0.118499806363,0.118666026769,0.118924947018,