# R script for Peak Model
#  -- generated by MACS
p <- c(0.0411681766385,0.048041904636,0.0549677670933,0.0619206993661,0.0688686187102,0.0689603553076,0.068983916073,0.0690360505327,0.0691287897159,0.0691719009038,0.0691894461546,0.0692756685303,0.0692766711161,0.0692205263133,0.0691227742013,0.0690410634616,0.0689909341734,0.069047580269,0.0689563449645,0.0690220143321,0.0690841746494,0.0690716423274,0.0690947017999,0.0690410634616,0.0691358078163,0.0691608724604,0.069132800059,0.069162376339,0.0692766711161,0.0693022370531,0.0693393327263,0.0693779322782,0.0692746659446,0.0693288055758,0.0692907073168,0.0692375702713,0.0692932137812,0.0692521077649,0.0692200250204,0.069234562514,0.069111244465,0.0690756526704,0.0692195237275,0.06926865043,0.0693924697718,0.0695604028873,0.069578449431,0.0696245683762,0.0696666769783,0.06970176748,0.0698015247635,0.069825085529,0.069863183788,0.0699408841847,0.0698897523107,0.0697338502244,0.069782475634,0.069829095872,0.0698581708592,0.0699639436573,0.0699423880633,0.0700692151625,0.0700085587238,0.0697945066632,0.0698386204368,0.0699970289875,0.0701043056642,0.0700717216269,0.0701739853748,0.0701669672745,0.0702010551904,0.0701038043713,0.070071220334,0.0703298874611,0.0702993085953,0.0702978047167,0.0702902853234,0.0704241305229,0.0703434223689,0.0703013137668,0.070445184824,0.0705093503128,0.0706000843245,0.0706261515543,0.0707309217667,0.0707940846698,0.0708191493139,0.0707259088379,0.0707459605531,0.0708512320583,0.0707504721891,0.0707945859627,0.0709364518483,0.0710151548307,0.0710682918762,0.071060772483,0.0710733048051,0.0711394754655,0.0712287055985,0.0711314547794,0.0711575220092,0.071128948315,0.0710718009264,0.0709845759649,0.0708973510035,0.0708712837736,0.0709003587608,0.070945976413,0.0709640229568,0.070967532007,0.07108633842,0.0711956202683,0.0712527676568,0.0713229486603,0.0713394913254,0.0714212020651,0.0714497757594,0.0714878740184,0.0714788507466,0.0715590576077,0.0714442615377,0.0712808400582,0.0713229486603,0.0712953775518,0.0713490158901,0.0713224473674,0.0713525249403,0.0713911244922,0.0714918843615,0.0715445201141,0.0716527993766,0.0717836368188,0.0716994196146,0.0717380191665,0.0717204739157,0.0717294971875,0.0717841381117,0.0717806290615,0.0716903963428,0.0716708459204,0.0718217350778,0.0717660915679,0.0718658488514,0.0719901694862,0.0720663660042,0.0721841698315,0.0720778957405,0.0719490634698,0.0720478181676,0.0720568414395,0.0719956837079,0.0720829086693,0.0720643608327,0.0720177405947,0.0719716216495,0.0720372910171,0.0721255185643,0.0723200202025,0.072271394793,0.0723490951897,0.0723701494907,0.072436821444,0.0724934675397,0.0724734158244,0.0725320670916,0.0724899584895,0.0724929662468,0.0724523615233,0.072547105878,0.0724493537661,0.072551617514,0.0725526200997,0.0725506149282,0.0725636485431,0.0726794471989,0.072768176039,0.0728373544567,0.0729005173598,0.0729055302886,0.0730955202909,0.072959168627,0.0730774737472,0.0732002905032,0.0732037995534,0.0731827452524,0.0731581819012,0.0730649414251,0.073095018998,0.0731095564916,0.073073964697,0.0732263577331,0.0731907659385,0.073226859026,0.0734078257564,0.0735090869185,0.0735391644914,0.0736324049675,0.073621877817,0.0736835368415,0.0737878057609,0.0738218936769,0.0738459557352,0.0738359298776,0.0738670100362,0.0739517285333,0.0739697750771,0.074063516846,0.0742003698028,0.0742264370326,0.0742575171913,0.0743211813873,0.0744986390675,0.074560298092,0.074594386008,0.0745893730792,0.0748044277255,0.0748670893358,0.0748284897839,0.0748791203649,0.0749929138491,0.0750460508946,0.0750119629787,0.0750270017651,0.0750600870953,0.0750505625306,0.0749237354314,0.0749713582552,0.0751287642202,0.0752570951979,0.0752335344325,0.0752365421898,0.0753728938537,0.0753593589459,0.0755468424837,0.0757217936995,0.0760581612233,0.0762095516737,0.0763037947355,0.0763850041824,0.0764872679303,0.0764627045791,0.0764722291438,0.07671335102,0.0766622191461,0.0767163587773,0.0766231183013,0.0766932993048,0.0768226328683,0.0769619922895,0.077061749573,0.0772793106838,0.0773910989965,0.0773625253022,0.0774136571762,0.0774647890501,0.0775640450407,0.0775419881539,0.0774893524013,0.0774276933768,0.0775530165973,0.0775600346977,0.0776823501609,0.0780091931199,0.0781445421981,0.078301948163,0.0785250234955,0.0787120057404,0.0788999905712,0.0790864715233,0.0791762029491,0.0793611800226,0.0793872472525,0.0793120533202,0.0794774799712,0.079397774403,0.0793922601813,0.0794649476492,0.0794363739549,0.0794789838499,0.0794875058288,0.0796178419782,0.0796363898148,0.0797546949349,0.079864979369,0.0801246490818,0.0802815537539,0.0803767994015,0.0806329600641,0.0808284642881,0.0809242112286,0.0811016689088,0.0812966718399,0.0813964291234,0.0814666101268,0.08152977303,0.0816686311583,0.0818836858046,0.0819804353309,0.0822250662573,0.0825844932536,0.0828155892722,0.0832406856361,0.0835524898087,0.0839369814492,0.0845600885015,0.0849170090334,0.0854869790402,0.0860008042442,0.0863446911613,0.0867116375508,0.0869507542555,0.0872680726498,0.0875422798563,0.0878285180919,0.0878585956648,0.0880726477254,0.0880420688596,0.0881834334523,0.0882877023717,0.088503258311,0.0888075430903,0.0887899978395,0.0889243443318,0.0890276106655,0.0891905308522,0.0892431666048,0.0894236320423,0.0895715134425,0.0897885732604,0.0898206560048,0.0899118913093,0.0900938606255,0.0904131841913,0.090533494483,0.0907169676778,0.0909420481818,0.0911270252552,0.0912177592668,0.0913405760229,0.0914954755234,0.0916258116728,0.0918183081394,0.0918679361347,0.0920433886434,0.0923060661136,0.0924123402046,0.0924860302582,0.0927306611846,0.0928589921624,0.0929146356723,0.0930374524284,0.093238470874,0.0934540268133,0.0935928849416,0.0936074224352,0.0937598154713,0.0939162188505,0.0939593300383,0.0941633562413,0.0944089897534,0.0945794293333,0.0947278120264,0.0947212952189,0.0948075175946,0.0948601533472,0.0951087946167,0.0952561747239,0.0954797513493,0.0954752397134,0.0956647284228,0.095727390033,0.0958577261823,0.0960326773981,0.0961885794844,0.0964271948962,0.0964332104108,0.0965690607818,0.0967059137386,0.0969254800209,0.0969695937945,0.0971635941398,0.0972357803148,0.0974869280487,0.097723538289,0.0977952231711,0.0979325774208,0.0980167946249,0.0980679264989,0.0983321078477,0.0985591935232,0.0987717417052,0.0989532097284,0.0990078506526,0.0991958354833,0.0993216599967,0.0994284353805,0.0995657896302,0.0996921154365,0.0997823481552,0.0999958989229,0.100135258344,0.100273113887,0.10055032885,0.100575894787,0.100879678274,0.101180955296,0.101394506064,0.101611565882,0.10178350934,0.101786015804,0.101811581741,0.102075261797,0.102142936336,0.102372027183,0.10258357278,0.10275401236,0.103039749302,0.103150535029,0.103233749648,0.103519987883,0.10380121319,0.103913502795,0.10417517768,0.104392738791,0.104377700004,0.104386723276,0.104506532275,0.104768207159,0.104998300592,0.105142171649,0.105308600886,0.1054414435,0.105639454188,0.105753748965,0.105990359205,0.106146762585,0.106292638813,0.106412949105,0.106499672774,0.106577874463,0.106839048055,0.106974898426,0.107046583308,0.107078666052,0.107337333179,0.107614548143,0.107800026509,0.108028114771,0.10816897807,0.108470255093,0.108474265436,0.108608611928,0.108711878262,0.109000622962,0.109042230271,0.109025186313,0.109106897053,0.109215677608,0.109466324049,0.109569590383,0.109854826033,0.110037797934,0.110289948254,0.110408253374,0.11058671364,0.110956667787,0.111168714676,0.111228869822,0.111392792594,0.11154167658,0.111550699852,0.111697578667,0.111832426452,0.111989832417,0.112265042209,0.112336225798,0.112557295959,0.112795410078,0.113022997047,0.113206470241,0.113487695548,0.113682698479,0.113751375604,0.11389324149,0.113998011702,0.114180482311,0.114285753816,0.114568483002,0.11452988345,0.114514844663,0.114651196327,0.114906354404,0.115092835356,0.115382582642,0.115545502829,0.115756045839,0.115794645391,0.115886381988,0.116191669353,0.116487933447,0.116505478698,0.116599721759,0.116792218226,0.116849365615,0.116962156513,0.117025319416,0.117308048602,