# R script for Peak Model
#  -- generated by MACS
p <- c(0.0432984651035,0.0504758993108,0.0576320110016,0.0647819322844,0.071978625539,0.0719504247913,0.0720226462184,0.0719318535672,0.0719868794164,0.0721051849922,0.0720845502988,0.072223490568,0.0723094684574,0.0723913194082,0.0724779851207,0.0724841755287,0.072390631585,0.0724724825358,0.07248004859,0.0725316353237,0.0724305253257,0.0723830655308,0.0723349179127,0.0722936485258,0.0722090462826,0.0722544426082,0.0723926950544,0.0723940707006,0.0724009489318,0.0723534891368,0.0723679334222,0.0723314787971,0.0724545991348,0.0724759216513,0.0725206301538,0.0726210523286,0.0724896781136,0.0724662921277,0.0725220058001,0.0725584604252,0.0726361844372,0.0727132206261,0.0727139084492,0.0727421091969,0.0728170819165,0.072640999199,0.0727476117818,0.0727496752512,0.0727648073597,0.0727084058643,0.0727400457276,0.0727565534823,0.0727895689919,0.0728308383788,0.0728246479708,0.0730186140892,0.0729890376953,0.0730970259244,0.0731403587806,0.0731926333374,0.0731334805495,0.0731726864671,0.0730516295988,0.0730915233395,0.0732098289153,0.0730578200068,0.0730681373535,0.0730027941576,0.072915440622,0.0729477683084,0.0731121580329,0.0730076089194,0.0731658082359,0.0731541152429,0.0729374509617,0.0730186140892,0.0731836916369,0.0732098289153,0.0733109389132,0.0733267588449,0.0732435322479,0.0732607278258,0.0731396709575,0.0732304636087,0.0733680282318,0.0733019972127,0.0733301979604,0.0733982924489,0.0734196149654,0.0733976046257,0.0733143780288,0.073416863673,0.073518661494,0.0734966511543,0.0733673404087,0.073542735303,0.073393477687,0.0733996680951,0.0733563352388,0.0734106732649,0.0735399840106,0.0734897729232,0.0734780799302,0.073398980272,0.0735406718337,0.0734608843523,0.0735069685011,0.0734615721755,0.0735179736709,0.0735172858478,0.0735647456427,0.0736789242799,0.073727759721,0.0738735782215,0.0739079693772,0.0740757982173,0.0740902425028,0.0741830986233,0.0741851620927,0.0742188654253,0.074127384951,0.0741830986233,0.0743041554916,0.0742814573288,0.0743873820885,0.0742532565811,0.0743309805931,0.0742615104585,0.0743461127016,0.0744506618151,0.0746074854854,0.0745875386151,0.0744369053528,0.0745139415417,0.0744850529709,0.0746900242592,0.0745435179357,0.0746776434432,0.0747560552783,0.0747443622853,0.0746913999055,0.0746907120824,0.0748310279979,0.0748420331677,0.0748757365004,0.0746652626271,0.0749417675194,0.074891556432,0.0749066885405,0.0749417675194,0.0750456288098,0.075064887857,0.0750834590812,0.0750194915314,0.0751137232982,0.0751969498952,0.0752237749967,0.0752843034308,0.0753180067634,0.0753083772398,0.0753592761504,0.0753861012519,0.0753606517966,0.0754473175091,0.0753771595514,0.0754376879855,0.0754259949925,0.0754156776458,0.0754679522026,0.0756055168256,0.0755621839694,0.0755793795472,0.0757829751893,0.0759143494043,0.0760505383812,0.0762176793982,0.0762899008253,0.0764749252433,0.0765739717718,0.0765478344935,0.0765636544251,0.0767094729255,0.0766647644231,0.0767032825175,0.0767074094562,0.0767438640813,0.0768573548953,0.0768889947586,0.0767493666662,0.0769371423767,0.0772205255002,0.0773732222317,0.0774805226377,0.0775224798477,0.0774908399844,0.0774633270598,0.0774832739302,0.0775912621593,0.0776896208647,0.0777130068507,0.0776559175321,0.0776160237914,0.0776758644024,0.0777783500466,0.0778828991601,0.077965437934,0.0779097242616,0.0779826335118,0.07815665276,0.0782852756825,0.0783636875177,0.0784943739096,0.0785487119357,0.0786298750633,0.0787192920682,0.0788596079837,0.0789277024722,0.0789235755335,0.0790047386611,0.0790026751917,0.079213149065,0.0791588110389,0.0792461645745,0.0792502915132,0.0792805557303,0.0792702383835,0.0793809779051,0.0795157912357,0.0794855270186,0.0794236229382,0.0792654236217,0.079380290082,0.0794800244337,0.0796148377643,0.0798418193923,0.0800522932655,0.0802909678865,0.0801582180253,0.0802538254383,0.080467050604,0.0806630801919,0.0806747731848,0.0806410698522,0.0806892174702,0.0808474167867,0.0809512780771,0.081040007259,0.0812470420167,0.0813701623543,0.0815070391542,0.0815455572487,0.0817422746597,0.0819733832264,0.0818990983299,0.0818447603038,0.081768411938,0.0816556089471,0.0818034909169,0.0819383042475,0.0819107913229,0.0820022717972,0.0821033817951,0.082192110977,0.0824115265508,0.0824624254613,0.082538086004,0.0825910483838,0.0826089317848,0.0827932683797,0.0829892979676,0.0831186087132,0.0831736345624,0.0832210943574,0.0833173895935,0.0834590811553,0.0835017261884,0.0837933631893,0.0838580185621,0.0839274886967,0.0839419329821,0.0840794976052,0.0842191256976,0.0842679611388,0.0844034622925,0.0844240969859,0.0848030875224,0.0848017118762,0.08510504187,0.0850637724831,0.0852274743845,0.0852432943162,0.0853354626136,0.0855122331542,0.0855308043783,0.0857646642375,0.0857041358034,0.0857536590677,0.0858458273651,0.0862083101468,0.08655566082,0.0869525347575,0.0874195666527,0.0878412022224,0.0885132054059,0.0891528809031,0.0898826612284,0.0906605891717,0.0913085185462,0.0919000464253,0.0926580274983,0.0930686578981,0.0935088646918,0.0939167437992,0.0943665801165,0.0947524488842,0.095044085885,0.0951678940457,0.0953281568316,0.0953955634969,0.0952868874447,0.0955585775752,0.0956335502948,0.0957319090002,0.0958550293379,0.0958839179087,0.0959485732815,0.0961693645015,0.0962243903507,0.0963743357899,0.0965222177596,0.0966811048992,0.0968908909494,0.0969837470699,0.0969012082961,0.0969527950298,0.0972492467924,0.0974267051561,0.0977637384826,0.0979982861649,0.098142041196,0.0983470124843,0.0985024605084,0.098763145469,0.0991008666186,0.0993546733481,0.0993464194707,0.0994262069521,0.0995644593983,0.0995857819148,0.0996655693962,0.0996029774927,0.0996249878324,0.0996745110967,0.0996291147711,0.0995410734124,0.0995995383771,0.0998038218424,0.0997687428635,0.0999228152413,0.100029427824,0.100142918638,0.100237150405,0.100196568841,0.100405667068,0.100728943932,0.100797726244,0.100802541006,0.100982750662,0.101116876169,0.101319783988,0.101499993645,0.101806762754,0.102131415264,0.102125224856,0.102208451453,0.10232263009,0.102486331992,0.102495273692,0.102570246412,0.102561992534,0.102632838315,0.102517971855,0.102650033893,0.102798603686,0.102936168309,0.103010453206,0.10314389089,0.103377062926,0.103410078435,0.103477485101,0.103683144212,0.103998855022,0.104061446926,0.104233402704,0.104301497193,0.104465886917,0.104489272903,0.104542923106,0.104843501808,0.105036780103,0.105134450985,0.105177096019,0.105237624453,0.105324977988,0.105558837847,0.105765184782,0.106001108111,0.106165497835,0.106289305996,0.106471579121,0.106492901638,0.106708190273,0.106901468568,0.106977129111,0.106939986663,0.10710506421,0.107229560194,0.107350617063,0.107448287945,0.107594106445,0.107763998755,0.10776950134,0.107898812085,0.108184946501,0.108277114799,0.108382351735,0.108539863229,0.108726951116,0.10873658064,0.108863827916,0.109079116551,0.109266892262,0.109370753552,0.109236628045,0.109445726272,0.109413398585,0.109454667972,0.109357684913,0.109572285725,0.109664454022,0.109746304973,0.109795828237,0.109850854086,0.109991857825,0.110059952313,0.110097782585,0.11008127483,0.110392170878,0.11044788455,0.110362594484,0.110378414416,0.110405239517,0.110551745841,0.110525608563,0.110610210806,0.110683120056,0.110897720868,0.110635660261,0.110664548832,0.110622591622,0.110694125226,0.110666612301,0.110662485362,0.110991952635,0.110875710528,0.111038724606,0.110956873656,0.11112332685,0.111194172631,0.111308351268,0.111351684124,0.111432159428,0.111650199356,0.111628189016,0.111676336634,0.111630940309,0.111641257655,0.111681151396,0.111436286367,0.111513322556,0.111518137318,0.111335176369,0.111065549708,0.110780103115,0.110846821957,0.110875710528,0.110844070665,0.110727828558,0.110819996856,0.110775288353,0.110649416723,0.110866768828,0.110976820526,0.111102004333,0.11107036447,0.110998830866,0.111099253041,0.110954122363,0.110908726038,0.110830314203,0.110760844068,0.110551058018,0.110308256458,0.110348838022,0.110189950882,0.110186511767,0.109989794356,0.110302753873,