# R script for Peak Model
#  -- generated by MACS
p <- c(0.0422709126433,0.0492913569803,0.0564187967047,0.0634340846375,0.0705518561041,0.0706524059863,0.0706182448083,0.0707716478337,0.0707162164884,0.0708361028864,0.0707761596874,0.0708328801337,0.0709302072633,0.0709869277096,0.070984994058,0.0708928233327,0.0710288234939,0.0709869277096,0.0710475154591,0.0710049751244,0.0710301125949,0.0711055250065,0.0709869277096,0.0710919894455,0.071019155236,0.071020444337,0.0710732974802,0.0712905110077,0.0713298285898,0.0713208048825,0.0713575442625,0.0712679517393,0.0713298285898,0.0713343404435,0.0713755916772,0.0714278002699,0.071381392632,0.0713027574677,0.0713485205551,0.0714651842005,0.0714522931899,0.0715386629605,0.0715696013858,0.0716005398111,0.0716862650311,0.071791326767,0.0718016395754,0.0717442745785,0.0717719902512,0.071817108788,0.071901544907,0.0719305496807,0.071901544907,0.0718570709207,0.0718564263702,0.0718151751365,0.0717275162648,0.0716907768848,0.071755876488,0.0715831369468,0.07163599009,0.0715882933511,0.0716011843616,0.0715760468911,0.0716056962153,0.0716334118879,0.0717552319375,0.0719621326566,0.0718557818196,0.0720729953472,0.0720472133261,0.0720639716398,0.0721419622535,0.0721567869156,0.072225753822,0.0722805406168,0.0722573367978,0.0721342276472,0.0720523697303,0.0720639716398,0.0720401232703,0.0721458295567,0.0720845972566,0.0721625878704,0.0721522750619,0.0722276874736,0.0723778677463,0.0724436119,0.0727633089613,0.0727355932886,0.0727716881181,0.0728316313171,0.072974721534,0.073059157653,0.0730069490604,0.0730153282172,0.0729940580498,0.0730546457993,0.0729186456382,0.0730391765867,0.0731571293331,0.0731629302878,0.0731397264689,0.0731332809636,0.0731771103994,0.0731113662457,0.0732441436542,0.0733421153343,0.0733762765122,0.0733923902753,0.0733775656132,0.0735709307712,0.0734536225754,0.0735503051544,0.0736643905976,0.0737301347513,0.0736727697545,0.0736147602071,0.0736044473986,0.0737320684029,0.0737926561524,0.0736199166113,0.0737855660966,0.0738171490725,0.0739305899652,0.0738886941809,0.0739531492336,0.0740685237779,0.0741955002316,0.0741175096179,0.0743231212359,0.0743153866296,0.0744094910065,0.0744436521844,0.0745197091466,0.0747304771688,0.0748684109815,0.0748748564868,0.0750192358048,0.0750740225996,0.0750108566479,0.0752080891091,0.0752499848933,0.075193264447,0.0752435393881,0.0752970370818,0.0751449231575,0.0752680323081,0.0751816625375,0.0752138900639,0.0751371885512,0.0751313875964,0.0751765061333,0.0753105726429,0.0752770560155,0.0753911414587,0.0756186677946,0.0756109331883,0.0757224404294,0.0759132273853,0.0759151610369,0.0760698531633,0.0762161661329,0.076326384273,0.0765120148247,0.0764733417931,0.0764643180857,0.076664128749,0.0767330956553,0.0767504985195,0.0769831812597,0.0770888875461,0.0770798638387,0.0772139303483,0.0771178923198,0.0772339114146,0.0772667834914,0.0771030676577,0.0771488307451,0.0772345559651,0.0772616270872,0.0773344612968,0.0773963381473,0.0773376840494,0.0773731343284,0.0774653050537,0.0776709166717,0.077882973795,0.0780582915383,0.0779970592382,0.0780930972667,0.078027353113,0.0781401494552,0.0783380264669,0.0785803774649,0.0786590126292,0.0786976856608,0.0786860837513,0.0787009084134,0.0787653634661,0.0789651741294,0.0790560557536,0.0791901222632,0.0792139706327,0.0791533828832,0.0791914113642,0.0791488710295,0.0793751082643,0.0793983120833,0.0795536487602,0.0796032791508,0.0797444357162,0.0798398291941,0.0800254597458,0.0800828247427,0.0800467299132,0.0801691945133,0.080090559349,0.0802027111407,0.080319374786,0.0803715833787,0.0804469957903,0.0804121900618,0.080463754104,0.0807086833041,0.0809188067758,0.0810361149717,0.0812024090076,0.0813268072593,0.0814434709046,0.0814802102846,0.0816374806131,0.0817612343143,0.0818173102101,0.0819397748102,0.0819545994723,0.0821582774387,0.0822336898503,0.0823916047294,0.0824019175378,0.0825546760126,0.0825669224727,0.0826977662296,0.0826913207243,0.0827093681391,0.0829323826213,0.0828737285234,0.0829530082382,0.0830387334582,0.0832772171531,0.0832907527142,0.0833075110279,0.0834138618648,0.0836342981449,0.0837928575745,0.0839572179588,0.0842305073821,0.0843710193969,0.0844786593349,0.0845005740528,0.0847854653856,0.0850510202026,0.0851006505932,0.0851496364332,0.0852372953049,0.085264366427,0.0853868310271,0.0856543194956,0.0857033053357,0.0859430781316,0.0860081777348,0.0861570689065,0.0863485004129,0.0864999697867,0.0866462827563,0.0867829274679,0.0867519890426,0.0867410316837,0.0869389086954,0.0869988518944,0.0870948899229,0.0869833826817,0.087109714585,0.0873662456946,0.0875660563579,0.0876221322537,0.0878780188128,0.0881429290793,0.0882860192962,0.0884967873185,0.0885780006848,0.0889279916208,0.0892367313231,0.0893353475537,0.0894075372127,0.0895963905171,0.0896982295003,0.0897710637098,0.0900514431889,0.0903369790723,0.0906889036598,0.0911581364433,0.091549378613,0.0920753318428,0.0926612282716,0.0932909541362,0.094033476343,0.0946084154128,0.0950247950531,0.0954469756481,0.0959310330936,0.0962997159949,0.096517574073,0.0966503514815,0.0967302757468,0.0969352428143,0.0970938022438,0.0973297077366,0.0976693858642,0.0979252724233,0.0981141257276,0.0981972727456,0.0983416520636,0.0985272826153,0.0989333494471,0.099088686124,0.0990616150019,0.0992543356094,0.0994928193043,0.0994715491369,0.0994219187463,0.099557274357,0.0997532177171,0.0998995306866,0.100010393377,0.100092251294,0.10046673515,0.100472536105,0.10045384414,0.100642697444,0.100995266582,0.10116413882,0.101245352186,0.101374262292,0.101558603742,0.101846717828,0.101934376699,0.102121940903,0.102270832074,0.102477732794,0.102582794529,0.102631135819,0.102809676315,0.102838681088,0.102772936935,0.102721372893,0.102699458175,0.102917960803,0.103018510685,0.103160956352,0.10331758213,0.103471629706,0.103682397728,0.103996293834,0.104283118819,0.104457147461,0.104569943803,0.104471972123,0.1045660765,0.104720768627,0.104962475074,0.10526348017,0.105317622414,0.105456845328,0.105517433078,0.105699840877,0.105893850585,0.106250287026,0.106350192358,0.106503595383,0.106439784881,0.106468145104,0.106600922513,0.106632505489,0.106700827845,0.106814268737,0.106952847101,0.106994098334,0.107226781074,0.107195198099,0.10741756803,0.107436904546,0.107568392854,0.107771426269,0.108055028501,0.108158801136,0.108221322537,0.108391483876,0.108489455556,0.108627389369,0.108777569642,0.109061816424,0.10908179749,0.109315769331,0.10949753258,0.109659959313,0.109812717788,0.109967409914,0.110002215642,0.110196869902,0.110345761073,0.110411505227,0.110827240317,0.110875581606,0.11077051987,0.110869136101,0.110976776039,0.110924567446,0.111142425524,0.11138219832,0.111386065623,0.111477591798,0.111395089331,0.111484681854,0.111587165388,0.111699317179,0.111726388301,0.111938445425,0.111874634923,0.111689004371,0.111744435716,0.111815336274,0.11195778194,0.111968739299,0.112008701432,0.112019658791,0.112327109392,0.112415412814,0.112514029045,0.112842105263,0.112979394525,0.113166314178,0.113255906701,0.11329071243,0.113460229218,0.113701935666,0.113623300502,0.113700002014,0.113795395492,0.113651016174,0.113487944891,0.113393195964,0.11318049429,0.11319274075,0.113185006143,0.113166958729,0.11308252261,0.11291171672,0.112888512901,0.112952967954,0.112994863738,0.11294781155,0.113112171934,0.113003242895,0.112949100651,0.112949745201,0.113004531996,0.113185650694,0.113145044011,0.113007110198,0.113052228735,0.112990996435,0.112829858803,0.112956190706,0.112831147904,0.11265454106,0.112555280279,0.112590730558,0.112502427136,0.112377384333,0.112370294278,0.11249598163,0.112547545672,0.112463109553,0.112713195158,0.112592664209,0.112604266119,0.112412190062,0.112525630955,0.112585574154,0.112445706689,0.112356114166,0.112423791971,0.112342578605,0.112093782102,0.112009990533,0.111870767619,0.111899127843,0.111654843193,0.111716075493,0.111681914315,0.111643241283,0.111316454166,0.111229439845,0.11110052974,0.111094084235,0.111242975406,0.11092972385,0.110943259411,0.110744093299,