# R script for Peak Model
#  -- generated by MACS
p <- c(0.0428220052105,0.0500121808906,0.0571441936793,0.0641474575436,0.0712376834007,0.0712246955706,0.071191378963,0.0713048813043,0.0712834231502,0.0713105281869,0.071219048688,0.0711072404115,0.0710276193661,0.0711100638528,0.0711783911329,0.0712698706318,0.0712054961696,0.0712371187125,0.0712969756686,0.0713540091833,0.0714720290308,0.0714861462374,0.0715629438414,0.0717357384506,0.0718673108164,0.0718306060791,0.0719548374975,0.0720045300648,0.0718769105169,0.0718001129128,0.0717267034383,0.0718390764031,0.0718560170511,0.0717639728638,0.0717283975031,0.0717481615924,0.0717944660302,0.0718289120143,0.0719463671735,0.0720751160979,0.0721095620821,0.07218184218,0.0721677249734,0.072124243977,0.0720728573449,0.0720875392398,0.0719554021857,0.0718311707674,0.071843029221,0.0718740870755,0.0718915924118,0.0718435939092,0.0720248588423,0.0721637721556,0.072107303329,0.0721084327056,0.072096574252,0.0721383611836,0.0721078680173,0.072132714301,0.0720542226321,0.0719497553031,0.0717690550582,0.0718029363541,0.0718362529618,0.0718249591965,0.0719520140561,0.0719825072224,0.0719610490684,0.0719604843801,0.0720813276688,0.072215723476,0.0723252729994,0.0722750157438,0.0722145940994,0.0722394403831,0.0722659807315,0.0723744008785,0.0724269168871,0.0723083323514,0.0722761451203,0.0723145439224,0.0722851801326,0.0722919563917,0.0726414984279,0.0726657800233,0.0726081818202,0.0725212198274,0.0725302548396,0.0725816414718,0.0726990966309,0.0726782031651,0.0727239429146,0.0728137283487,0.0725556658116,0.072703614137,0.0726900616187,0.072778152988,0.0728063874013,0.0728442215151,0.0728543859038,0.0729063372242,0.0729407832084,0.0728786674992,0.073054850238,0.07292723069,0.0730446858492,0.0730458152257,0.0731920694864,0.0732519264425,0.0732299036001,0.0731632703849,0.0731768229032,0.0732332917297,0.0732163510818,0.0733185596578,0.073344535318,0.0733705109782,0.0734619904771,0.0734749783072,0.0735410468342,0.0735687165592,0.0736460788516,0.0737612752576,0.0737256998969,0.0738369434852,0.0738488019387,0.0738832479229,0.0737460286745,0.0738555781979,0.0739222114132,0.0740752419331,0.0740758066213,0.0740605600382,0.0741983439749,0.0742435190361,0.0743338691585,0.0744067139447,0.0744631827712,0.0745004521967,0.0745213456625,0.0745851554365,0.0745987079549,0.0746427536395,0.0746275070564,0.0745416744401,0.0745433685049,0.07458402606,0.0748319242084,0.0748347476497,0.0748584645568,0.074920580266,0.0750052835058,0.0750769989154,0.0751142683409,0.0752418878888,0.075276333873,0.0752085712812,0.0751204799118,0.0750922454986,0.0752046184633,0.0751504083899,0.0751893718802,0.0751120095879,0.0752588285368,0.0752853688853,0.0754683278832,0.0756117587025,0.0755908652367,0.075808834907,0.0759810648279,0.076060121185,0.0762171045227,0.0762989843212,0.0762131517049,0.076319877787,0.0763210071635,0.0763441593824,0.0764683908007,0.0764215216747,0.0763046312038,0.0764570970354,0.0765141305502,0.0765824578303,0.0768512494445,0.0769060242062,0.0769918568225,0.0770731719327,0.0771714276908,0.0772448371653,0.0772679893842,0.0773690685836,0.0773131644454,0.0774227139688,0.0772470959184,0.0773125997571,0.0773871386081,0.0774622421474,0.0775130640912,0.0776000260841,0.077716916555,0.0778219485723,0.0779794965983,0.0780523413845,0.0782341710058,0.0782872517028,0.0781974662686,0.0783109686099,0.0784606110002,0.0785300676568,0.0785436201751,0.0784600463119,0.0785887952363,0.0786452640629,0.0787406963797,0.0787886948822,0.0790546630551,0.079041675225,0.0789936767225,0.0791376722301,0.0791421897362,0.0792105170163,0.0792364926765,0.0793291015519,0.0792940908795,0.0795425537162,0.0795775643886,0.0797170423901,0.0798277212901,0.0798130393952,0.0799847046278,0.0800976422808,0.0801964627272,0.0803212588338,0.0805940032659,0.0804759834184,0.0805166409735,0.0805928738893,0.080749857227,0.0807718800694,0.0807882560291,0.0809147462005,0.0810519654489,0.0810993992632,0.0811372333769,0.0812789701315,0.0814664466355,0.0816177830906,0.0814557175585,0.0816160890258,0.0819712779445,0.0820610633787,0.0821248731527,0.0822637864659,0.0824077819735,0.0825162021204,0.0823767241189,0.0824202051153,0.0826539860571,0.0828792966749,0.0829831993157,0.0830865372682,0.0831130776167,0.083069031932,0.0831147716815,0.0832226271401,0.0834005039436,0.0834942421956,0.0836709896226,0.083703741542,0.0837686806925,0.0838070794945,0.0839363931072,0.084180903126,0.0842029259684,0.0841876793852,0.0844231543918,0.0845293157856,0.0846998516417,0.0847608379743,0.0848229536835,0.0851346616059,0.0851674135252,0.0853227027982,0.0854971914721,0.0858348750546,0.0858664975975,0.0859895996393,0.0860647031786,0.0861471476653,0.0860709147495,0.0860183987408,0.0863097778856,0.0863142953918,0.0864165039677,0.0864249742917,0.0866672255575,0.0869224646533,0.0870918711329,0.0875012701251,0.0879609263729,0.0884725339411,0.0890349634532,0.0896504736622,0.0902586429238,0.0910695352725,0.0916822220402,0.0923372604278,0.092944865001,0.0935739277284,0.0941612035242,0.0945519678036,0.0947134686475,0.0949540258484,0.0951804658427,0.0951686073892,0.0952674278356,0.0953628601524,0.0956497217911,0.0957169196946,0.0957790354038,0.0959495712599,0.0961364830756,0.0963126658144,0.0965566111449,0.0967598989203,0.0968197558765,0.0970004561213,0.0970569249478,0.0972794121243,0.0974375248385,0.0976080606946,0.0977836787451,0.0979587321072,0.09803270627,0.0981778311541,0.0984963153357,0.0986470871025,0.0988492455014,0.0988695742789,0.0989650065957,0.0991033552207,0.0992332335217,0.0992953492308,0.0994207100257,0.0996245624894,0.0997437117134,0.0997103951057,0.0998950481684,0.0999978214327,0.100046949312,0.100078571855,0.100186427313,0.100393667907,0.10063027229,0.100839771636,0.100891722956,0.101224324345,0.101177455219,0.101329356362,0.101573301692,0.101606053612,0.101739884731,0.101885574303,0.101942607818,0.101852257695,0.101991735697,0.102014323227,0.102179776889,0.102250362922,0.102458168204,0.102682349445,0.10281109837,0.102792463657,0.102874908144,0.103060125895,0.103191133572,0.103365057558,0.103473477705,0.103650225132,0.103742834007,0.103725893359,0.103754692461,0.103904334851,0.103903205474,0.103946686471,0.104109881379,0.1043927902,0.104409730848,0.104560502615,0.104621488948,0.104998136021,0.105191824095,0.105351630874,0.105625504683,0.105827098394,0.10590333131,0.105835568718,0.105935518541,0.106026433351,0.106161393847,0.106042809311,0.106162523223,0.106327412197,0.106369199128,0.106447126109,0.106547075932,0.106750928396,0.106946875224,0.106994873726,0.107142257363,0.107430248378,0.107468082492,0.107653864931,0.107755508819,0.108039547017,0.108089804272,0.107911927469,0.108042370458,0.10816208437,0.108299303619,0.108381183417,0.10844216975,0.108416758778,0.108788888344,0.108705314481,0.108879803155,0.109098337514,0.109163276664,0.109377858205,0.109452961744,0.10952919466,0.109773704679,0.109991674349,0.109922217693,0.110156563323,0.110380179876,0.110477870945,0.110703181563,0.110777155726,0.110857906148,0.110963502853,0.111056111729,0.111150414669,0.11120236599,0.111145332475,0.111233988532,0.111452522891,0.11144631132,0.111405653765,0.111451958203,0.111380807481,0.111492615758,0.111588612763,0.111708891363,0.111895803179,0.111794159291,0.111734867024,0.111777783332,0.112005917391,0.112190005765,0.112372964763,0.112347553791,0.112421527954,0.112461620821,0.112538983113,0.1127417062,0.112915630186,0.112929747393,0.112731541812,0.112540677178,0.112440162667,0.112441856732,0.112417575136,0.112376917581,0.112187182324,0.112148218834,0.112005352703,0.11183368747,0.111973165472,0.111972036095,0.111993494249,0.111881685973,0.111851757495,0.111817876199,0.111828040587,0.111838769664,0.111821829016,0.111889591608,0.111825217146,0.111996882379,0.111863615948,0.11200309395,0.11180432368,0.111857404377,0.111665975055,0.11151802673,0.111418641595,0.111527061742,0.111392665935,0.1111730022,0.111174696265,0.11104594734,0.111081522701,0.110889528691,0.11094825627,0.110834753929,0.110708263758,0.110386391446,