##FastQC	0.11.8
>>Basic Statistics	pass
#Measure	Value
Filename	LNCaP-50K-Thruplex-Rep1_S2_L001_R1.fastq.gz
File type	Conventional base calls
Encoding	Sanger / Illumina 1.9
Total Sequences	347274
Sequences flagged as poor quality	0
Sequence length	150
%GC	42
>>END_MODULE
>>Per base sequence quality	pass
#Base	Mean	Median	Lower Quartile	Upper Quartile	10th Percentile	90th Percentile
1	33.71554737757506	34.0	33.0	34.0	32.0	35.0
2	33.91276916786169	34.0	33.0	35.0	33.0	35.0
3	34.041146184281	34.0	33.0	35.0	33.0	36.0
4	34.08348739036035	34.0	33.0	35.0	33.0	36.0
5	34.04928385079217	34.0	33.0	35.0	33.0	36.0
6	36.39112919481447	37.0	37.0	37.0	34.0	37.0
7	36.38577895264258	37.0	37.0	37.0	34.0	37.0
8	36.387477899295654	37.0	37.0	37.0	34.0	37.0
9	36.36151857035079	37.0	37.0	37.0	34.0	37.0
10-14	36.923148292126676	37.4	37.4	37.4	35.6	37.4
15-19	37.79908084106498	38.0	38.0	38.0	38.0	38.0
20-24	38.10343763138041	38.4	38.4	38.4	38.0	38.4
25-29	38.55476021815626	39.0	39.0	39.0	38.0	39.0
30-34	38.5235030552244	39.0	39.0	39.0	38.0	39.0
35-39	38.53029077903902	39.0	39.0	39.0	38.0	39.0
40-44	38.523151747611394	39.0	39.0	39.0	38.0	39.0
45-49	38.500870206234836	39.0	39.0	39.0	38.0	39.0
50-54	38.495578131389045	39.0	39.0	39.0	38.0	39.0
55-59	38.53453238653052	39.0	39.0	39.0	38.0	39.4
60-64	38.570078381911685	39.0	39.0	39.0	38.0	39.4
65-69	38.49398688067636	39.0	39.0	39.0	38.0	39.0
70-74	38.44139728283718	39.0	39.0	39.0	38.0	39.0
75-79	38.42732597315088	39.0	39.0	39.0	38.0	39.0
80-84	38.42195960538365	39.0	39.0	39.0	38.0	39.0
85-89	38.410593364317506	39.0	39.0	39.0	38.0	39.0
90-94	38.39090401239367	39.0	39.0	39.0	38.0	39.0
95-99	38.367803521138924	39.0	39.0	39.0	38.0	39.0
100-104	38.339096505929035	39.0	39.0	39.0	38.0	39.0
105-109	38.31969568697916	39.0	39.0	39.0	38.0	39.0
110-114	38.29811042577332	39.0	39.0	39.0	38.0	39.0
115-119	38.264247251449866	39.0	39.0	39.0	38.0	39.0
120-124	38.248213802357796	39.0	39.0	39.0	38.0	39.0
125-129	38.226918801868266	39.0	39.0	39.0	38.0	39.0
130-134	38.1953103313234	39.0	39.0	39.0	38.0	39.0
135-139	38.14685982826241	39.0	39.0	39.0	38.0	39.0
140-144	38.090426003674324	39.0	39.0	39.0	38.0	39.0
145-149	38.06245903810824	39.0	38.8	39.0	38.0	39.0
150	37.422738241273464	39.0	38.0	39.0	37.0	39.0
>>END_MODULE
>>Per tile sequence quality	pass
#Tile	Base	Mean
1101	1	-0.002666403521274674
1101	2	-0.0026090253813961795
1101	3	0.01695399651663365
1101	4	0.018848092066235722
1101	5	0.009035355488371977
1101	6	0.02159841679718255
1101	7	-0.008465351978550473
1101	8	0.00711417124761482
1101	9	0.004063889097679407
1101	10-14	0.010376403251086685
1101	15-19	-5.479033568605018E-4
1101	20-24	5.260848042283328E-4
1101	25-29	0.008177980004624885
1101	30-34	0.0022281252815332664
1101	35-39	0.0045762385059404664
1101	40-44	0.0011970488312158523
1101	45-49	0.01187297101407836
1101	50-54	0.008606384985270665
1101	55-59	0.004159288588816423
1101	60-64	-0.002858962090975581
1101	65-69	-1.4149570690591418E-4
1101	70-74	0.0012655666024414813
1101	75-79	-0.005401648869757025
1101	80-84	-4.1835460191919083E-4
1101	85-89	-0.007547469241266924
1101	90-94	-0.016892370490538156
1101	95-99	-0.016941310239431573
1101	100-104	-0.024315159445194467
1101	105-109	-0.00898728176828456
1101	110-114	-0.004452759581383248
1101	115-119	-0.00889266870162686
1101	120-124	0.009123627074849594
1101	125-129	-0.007649361792495313
1101	130-134	-0.003956378802342897
1101	135-139	-0.01549607997418434
1101	140-144	-0.008685146175743341
1101	145-149	-0.0168176568487155
1101	150	-0.04403656477769857
1102	1	0.002666403521274674
1102	2	0.0026090253813961795
1102	3	-0.01695399651663365
1102	4	-0.018848092066228617
1102	5	-0.009035355488371977
1102	6	-0.02159841679718255
1102	7	0.008465351978550473
1102	8	-0.00711417124761482
1102	9	-0.004063889097686513
1102	10-14	-0.010376403251086685
1102	15-19	5.479033568676073E-4
1102	20-24	-5.260848042354382E-4
1102	25-29	-0.008177980004624885
1102	30-34	-0.002228125281540372
1102	35-39	-0.0045762385059404664
1102	40-44	-0.0011970488312158523
1102	45-49	-0.01187297101407836
1102	50-54	-0.00860638498527777
1102	55-59	-0.004159288588809318
1102	60-64	0.002858962090975581
1102	65-69	1.414957069130196E-4
1102	70-74	-0.0012655666024485868
1102	75-79	0.005401648869757025
1102	80-84	4.1835460191919083E-4
1102	85-89	0.00754746924127403
1102	90-94	0.016892370490538156
1102	95-99	0.016941310239431573
1102	100-104	0.024315159445194467
1102	105-109	0.008987281768277455
1102	110-114	0.004452759581390353
1102	115-119	0.008892668701633966
1102	120-124	-0.009123627074842489
1102	125-129	0.007649361792488207
1102	130-134	0.0039563788023357915
1102	135-139	0.015496079974177235
1102	140-144	0.008685146175743341
1102	145-149	0.0168176568487155
1102	150	0.04403656477769147
>>END_MODULE
>>Per sequence quality scores	pass
#Quality	Count
18	2.0
19	7.0
20	22.0
21	71.0
22	84.0
23	168.0
24	218.0
25	297.0
26	478.0
27	550.0
28	732.0
29	976.0
30	1219.0
31	1593.0
32	1860.0
33	2389.0
34	3187.0
35	4516.0
36	7649.0
37	21706.0
38	299550.0
>>END_MODULE
>>Per base sequence content	warn
#Base	G	A	T	C
1	25.13865132431452	29.01455334980448	23.98135190080455	21.865443425076453
2	23.414652407033063	29.73300621411335	27.40084198644298	19.451499392410604
3	19.666027401993816	25.40241999113092	32.970795394990695	21.960757211884562
4	15.517142083772468	27.981939333206636	28.45764439606766	28.043274186953244
5	17.008183739640746	30.328789370929005	31.217424857605238	21.445602031825015
6	20.159009888445432	28.334110817394908	30.444260151926144	21.062619142233512
7	21.18557680678657	29.232536844105805	28.65259132558153	20.92929502352609
8	20.706128302147583	29.047092497566762	28.603350668348337	21.643428531937317
9	20.631259466588343	28.71824553522579	29.453111951945726	21.197383046240144
10-14	20.378721125105827	29.12662623749546	29.738880538134154	20.755772099264558
15-19	20.83703358155232	29.0569406290134	29.316389939932158	20.789635849502123
20-24	20.655447859615176	28.8980459233919	29.316562714168064	21.129943502824858
25-29	21.120728876909876	28.53804200717589	28.974700092722173	21.36652902319206
30-34	21.49012019327678	28.551288031928678	28.894475255849848	21.064116518944694
35-39	21.235281752396528	28.6957523331788	28.844396195500373	21.224569718924304
40-44	21.337618134383803	28.516790776159457	28.881747553804775	21.263843535651965
45-49	21.227100214815966	28.57392145683236	28.71173770567333	21.487240622678346
50-54	21.193985152933994	28.54431947108047	28.63859661247315	21.623098763512385
55-59	21.27081209650017	28.56320945420619	28.682769225453104	21.48320922384054
60-64	21.181948547832548	28.775894538606405	28.54046084647857	21.501696067082477
65-69	21.237754626030167	28.745774230146797	28.668947286580625	21.347523857242408
70-74	21.35852381692842	28.77543380731065	28.56666493892431	21.299377436836618
75-79	21.27513145239782	28.746234961442553	28.60985849790079	21.36877508825884
80-84	21.408570753929173	28.699240369276136	28.460178418194275	21.432010458600416
85-89	21.309513525343103	28.618612392520028	28.633586159631875	21.438287922504994
90-94	21.20982279122537	28.771229634236946	28.52537189654279	21.493575677994897
95-99	21.256817383391788	28.7428370681364	28.45084860945536	21.549496939016453
100-104	21.2503671452513	28.770538537293316	28.62057050052696	21.35852381692842
105-109	21.14871830312664	28.714617276271763	28.698837229392353	21.437827191209248
110-114	21.266262374954646	28.7883918750036	28.577376941550476	21.367968808491277
115-119	21.25670220056785	28.83573201564183	28.599376860922497	21.30818892286782
120-124	21.383172941251	28.92160081088708	28.35495890852756	21.34026733933436
125-129	21.404596946503336	28.815459838628865	28.39245091771915	21.38749229714865
130-134	21.26148228776125	28.83446500457852	28.464497774091928	21.439554933568306
135-139	21.249560865483737	28.866888969516864	28.31867631898731	21.564873846012084
140-144	21.333586735545996	28.875873229783977	28.38444571145551	21.40609432321452
145-149	21.263497987180152	29.001364916463658	28.236550965520024	21.49858613083617
150	21.493690860818834	28.887564286413607	28.2154725087395	21.40327234402806
>>END_MODULE
>>Per sequence GC content	warn
#GC Content	Count
0	0.0
1	0.0
2	0.0
3	0.0
4	0.0
5	0.0
6	0.0
7	0.0
8	0.0
9	0.5
10	1.5
11	4.5
12	4.0
13	5.0
14	13.0
15	25.0
16	48.5
17	88.5
18	167.0
19	264.0
20	390.5
21	601.0
22	889.0
23	1230.5
24	1691.0
25	2257.5
26	2952.0
27	3723.5
28	4486.0
29	5442.5
30	6485.0
31	7405.5
32	8400.0
33	9456.0
34	10484.5
35	11513.0
36	12463.5
37	13223.0
38	13870.0
39	14221.0
40	14237.0
41	14248.5
42	13933.0
43	13338.5
44	12969.5
45	12778.0
46	12495.0
47	12230.5
48	11964.0
49	11364.5
50	10566.5
51	9771.0
52	8800.5
53	8030.5
54	7353.5
55	6507.5
56	5812.5
57	5184.5
58	4505.0
59	3822.5
60	3211.5
61	2654.5
62	2134.0
63	1676.0
64	1296.5
65	1017.0
66	812.0
67	616.5
68	469.0
69	353.5
70	267.5
71	219.0
72	170.5
73	133.5
74	108.5
75	84.5
76	70.5
77	63.5
78	53.0
79	34.5
80	25.0
81	20.0
82	16.5
83	15.0
84	14.0
85	9.0
86	4.0
87	1.5
88	1.0
89	0.5
90	0.0
91	0.5
92	0.5
93	0.0
94	0.5
95	0.5
96	0.0
97	0.0
98	0.0
99	0.0
100	0.5
>>END_MODULE
>>Per base N content	pass
#Base	N-Count
1	0.0
2	0.0
3	0.0
4	0.0
5	0.0
6	0.0
7	0.0
8	0.0
9	0.0
10-14	0.0
15-19	0.0
20-24	0.0
25-29	0.0
30-34	0.0
35-39	2.879570598432362E-4
40-44	0.0
45-49	0.0
50-54	0.0
55-59	0.0
60-64	0.0
65-69	0.0
70-74	0.0
75-79	0.0
80-84	0.0
85-89	0.0
90-94	0.0
95-99	0.0
100-104	0.0
105-109	0.0
110-114	0.0
115-119	0.0
120-124	0.0
125-129	0.0
130-134	0.0
135-139	0.0
140-144	0.0
145-149	0.0
150	0.0
>>END_MODULE
>>Sequence Length Distribution	pass
#Length	Count
150	347274.0
>>END_MODULE
>>Sequence Duplication Levels	pass
#Total Deduplicated Percentage	99.32495455662993
#Duplication Level	Percentage of deduplicated	Percentage of total
1	99.49784225974523	98.82618660931928
2	0.413702283294951	0.821819209764901
3	0.05887835402620927	0.17544269514067215
4	0.0132486260745472	0.052636767311687316
5	0.006380256351183349	0.03168593360704678
6	0.0026644368116414806	0.01587870391411812
7	0.0012773542563696318	0.008881120742664204
8	0.0021717534891931077	0.017256745329784634
9	6.081896838706982E-4	0.0054367571441041405
>10	0.003226486266808344	0.04477545772570353
>50	0.0	0.0
>100	0.0	0.0
>500	0.0	0.0
>1k	0.0	0.0
>5k	0.0	0.0
>10k+	0.0	0.0
>>END_MODULE
>>Overrepresented sequences	pass
>>END_MODULE
>>Adapter Content	pass
#Position	Illumina Universal Adapter	Illumina Small RNA 3' Adapter	Illumina Small RNA 5' Adapter	Nextera Transposase Sequence	SOLID Small RNA Adapter
1	8.638711795297085E-4	0.0	0.0	0.0	0.0
2	8.638711795297085E-4	0.0	0.0	0.0	0.0
3	8.638711795297085E-4	0.0	0.0	0.0	0.0
4	8.638711795297085E-4	0.0	0.0	0.0	0.0
5	8.638711795297085E-4	0.0	0.0	0.0	0.0
6	8.638711795297085E-4	0.0	0.0	0.0	0.0
7	8.638711795297085E-4	0.0	0.0	0.0	0.0
8	8.638711795297085E-4	0.0	0.0	0.0	0.0
9	8.638711795297085E-4	0.0	0.0	0.0	0.0
10-11	8.638711795297085E-4	0.0	0.0	0.0	0.0
12-13	0.0011518282393729448	0.0	0.0	0.0	0.0
14-15	0.0011518282393729448	0.0	0.0	0.0	0.0
16-17	0.0011518282393729448	0.0	0.0	0.0	0.0
18-19	0.001439785299216181	0.0	0.0	0.0	0.0
20-21	0.001583763829137799	0.0	0.0	2.879570598432362E-4	0.0
22-23	0.002015699418902653	0.0	0.0	2.879570598432362E-4	0.0
24-25	0.002015699418902653	0.0	0.0	2.879570598432362E-4	0.0
26-27	0.0021596779488242714	0.0	0.0	2.879570598432362E-4	0.0
28-29	0.0024476350086675078	0.0	0.0	2.879570598432362E-4	0.0
30-31	0.002879570598432362	0.0	0.0	2.879570598432362E-4	0.0
32-33	0.0034554847181188343	0.0	0.0	2.879570598432362E-4	0.0
34-35	0.0041753773677269245	0.0	0.0	2.879570598432362E-4	0.0
36-37	0.0060470982567079595	0.0	0.0	2.879570598432362E-4	0.0
38-39	0.007630862085845758	0.0	0.0	2.879570598432362E-4	2.879570598432362E-4
40-41	0.009646561504748411	0.0	0.0	4.319355897648543E-4	2.879570598432362E-4
42-43	0.013102046222867245	0.0	0.0	5.759141196864724E-4	2.879570598432362E-4
44-45	0.016269573881142845	0.0	0.0	5.759141196864724E-4	2.879570598432362E-4
46-47	0.020588929778791384	2.879570598432362E-4	0.0	5.759141196864724E-4	2.879570598432362E-4
48-49	0.025340221266204783	2.879570598432362E-4	0.0	5.759141196864724E-4	2.879570598432362E-4
50-51	0.03009151275361818	2.879570598432362E-4	0.0	5.759141196864724E-4	2.879570598432362E-4
52-53	0.03671452513001261	2.879570598432362E-4	0.0	5.759141196864724E-4	2.879570598432362E-4
54-55	0.042185709267034105	2.879570598432362E-4	0.0	5.759141196864724E-4	2.879570598432362E-4
56-57	0.05111237812217442	2.879570598432362E-4	0.0	5.759141196864724E-4	2.879570598432362E-4
58-59	0.06277463904582548	2.879570598432362E-4	0.0	5.759141196864724E-4	2.879570598432362E-4
60-61	0.07285313614033875	2.879570598432362E-4	0.0	5.759141196864724E-4	2.879570598432362E-4
62-63	0.08581120383328439	2.879570598432362E-4	0.0	5.759141196864724E-4	2.879570598432362E-4
64-65	0.10164884212466237	2.879570598432362E-4	0.0	5.759141196864724E-4	2.879570598432362E-4
66-67	0.12151787925384566	2.879570598432362E-4	0.0	5.759141196864724E-4	2.879570598432362E-4
68-69	0.14340261580193162	2.879570598432362E-4	0.0	5.759141196864724E-4	2.879570598432362E-4
70-71	0.1632716529311149	2.879570598432362E-4	0.0	5.759141196864724E-4	2.879570598432362E-4
72-73	0.1886118741973197	2.879570598432362E-4	0.0	5.759141196864724E-4	2.879570598432362E-4
74-75	0.221295000489527	2.879570598432362E-4	0.0	5.759141196864724E-4	2.879570598432362E-4
76-77	0.2531142556022046	2.879570598432362E-4	0.0	5.759141196864724E-4	2.879570598432362E-4
78-79	0.2859413604243335	2.879570598432362E-4	0.0	5.759141196864724E-4	2.879570598432362E-4
80-81	0.3232317996740326	2.879570598432362E-4	0.0	7.198926496080904E-4	2.879570598432362E-4
82-83	0.3662813801205964	2.879570598432362E-4	0.0	8.638711795297085E-4	2.879570598432362E-4
84-85	0.4094749390970818	2.879570598432362E-4	0.0	8.638711795297085E-4	2.879570598432362E-4
86-87	0.4559800042617645	2.879570598432362E-4	0.0	8.638711795297085E-4	2.879570598432362E-4
88-89	0.5083881891532335	2.879570598432362E-4	0.0	8.638711795297085E-4	2.879570598432362E-4
90-91	0.5610843311045457	2.879570598432362E-4	0.0	8.638711795297085E-4	2.879570598432362E-4
92-93	0.6219872492613902	2.879570598432362E-4	0.0	8.638711795297085E-4	2.879570598432362E-4
94-95	0.6807304894694104	2.879570598432362E-4	0.0	8.638711795297085E-4	2.879570598432362E-4
96-97	0.7473925488231195	2.879570598432362E-4	0.0	8.638711795297085E-4	2.879570598432362E-4
98-99	0.8219734273225177	2.879570598432362E-4	0.0	8.638711795297085E-4	2.879570598432362E-4
100-101	0.8984260267108968	2.879570598432362E-4	0.0	8.638711795297085E-4	2.879570598432362E-4
102-103	0.9825094881851217	2.879570598432362E-4	0.0	8.638711795297085E-4	2.879570598432362E-4
104-105	1.0687526276081711	2.879570598432362E-4	0.0	8.638711795297085E-4	2.879570598432362E-4
106-107	1.1627706076469877	2.879570598432362E-4	0.0	8.638711795297085E-4	2.879570598432362E-4
108-109	1.258084394455099	2.879570598432362E-4	0.0	8.638711795297085E-4	2.879570598432362E-4
110-111	1.3567096874514073	2.879570598432362E-4	0.0	8.638711795297085E-4	2.879570598432362E-4
112-113	1.4674291769611316	2.879570598432362E-4	0.0	8.638711795297085E-4	2.879570598432362E-4
114-115	1.57584500999211	2.879570598432362E-4	0.0	8.638711795297085E-4	2.879570598432362E-4
116-117	1.6888681559805803	2.879570598432362E-4	0.0	8.638711795297085E-4	2.879570598432362E-4
118-119	1.812977648773015	2.879570598432362E-4	0.0	8.638711795297085E-4	2.879570598432362E-4
120-121	1.9526368227969846	2.879570598432362E-4	0.0	8.638711795297085E-4	2.879570598432362E-4
122-123	2.090712232991816	2.879570598432362E-4	0.0	8.638711795297085E-4	2.879570598432362E-4
124-125	2.2251881799386073	2.879570598432362E-4	0.0	8.638711795297085E-4	2.879570598432362E-4
126-127	2.36599918220195	4.319355897648543E-4	0.0	8.638711795297085E-4	2.879570598432362E-4
128-129	2.5223598656968274	5.759141196864724E-4	0.0	8.638711795297085E-4	2.879570598432362E-4
130-131	2.6911027027649634	5.759141196864724E-4	0.0	8.638711795297085E-4	2.879570598432362E-4
132-133	2.8679083375087107	5.759141196864724E-4	0.0	8.638711795297085E-4	2.879570598432362E-4
134-135	3.0497532207997144	5.759141196864724E-4	0.0	8.638711795297085E-4	2.879570598432362E-4
136-137	3.2392289661765634	5.759141196864724E-4	0.0	8.638711795297085E-4	2.879570598432362E-4
138-139	3.431152346562081	7.198926496080904E-4	0.0	0.0010078497094513266	4.319355897648543E-4
>>END_MODULE
