w	s1	s2	dist
3	PCa13266	PCa13848	0.28132201704313975
3	PCa13848	PCa13266	0.28132201704313975
3	PCa13266	PCa14121	0.30014331261749255
3	PCa14121	PCa13266	0.30014331261749255
3	PCa13266	PCa19121	0.28768289779919487
3	PCa19121	PCa13266	0.28768289779919487
3	PCa13266	PCa3023	0.28132499130485833
3	PCa3023	PCa13266	0.28132499130485833
3	PCa13266	PCa33173	0.2571081607293555
3	PCa33173	PCa13266	0.2571081607293555
3	PCa13266	PCa40507	0.29369287228602586
3	PCa40507	PCa13266	0.29369287228602586
3	PCa13266	PCa51852	0.2837013402470031
3	PCa51852	PCa13266	0.2837013402470031
3	PCa13266	PCa53687	0.2986022326572905
3	PCa53687	PCa13266	0.2986022326572905
3	PCa13266	PCa56413	0.2886787185855819
3	PCa56413	PCa13266	0.2886787185855819
3	PCa13266	PCa57294	0.28409152768146007
3	PCa57294	PCa13266	0.28409152768146007
3	PCa13266	PCa58215	0.271009910919845
3	PCa58215	PCa13266	0.271009910919845
3	PCa13266	Benign-Prostate-1648133	0.31653245986162903
3	Benign-Prostate-1648133	PCa13266	0.31653245986162903
3	PCa13266	Benign-Prostate-1595983	0.3079815819909956
3	Benign-Prostate-1595983	PCa13266	0.3079815819909956
3	PCa13266	Benign-Prostate-1664855	0.31122492756007625
3	Benign-Prostate-1664855	PCa13266	0.31122492756007625
3	PCa13266	Benign-Prostate-3320942	0.311159752754179
3	Benign-Prostate-3320942	PCa13266	0.311159752754179
3	PCa13266	Benign-Prostate-3330581	0.3090506836284407
3	Benign-Prostate-3330581	PCa13266	0.3090506836284407
3	PCa13266	SRR7702334	0.3495266025374528
3	SRR7702334	PCa13266	0.3495266025374528
3	PCa13266	SRR7702335	0.3467481833417947
3	SRR7702335	PCa13266	0.3467481833417947
3	PCa13266	SRR8446383	0.3599280359114424
3	SRR8446383	PCa13266	0.3599280359114424
3	PCa13266	SRR8446384	0.34375992320570065
3	SRR8446384	PCa13266	0.34375992320570065
3	PCa13266	SRR8446385	0.35336179456336314
3	SRR8446385	PCa13266	0.35336179456336314
3	PCa13266	SRR8446386	0.3543099268397526
3	SRR8446386	PCa13266	0.3543099268397526
3	PCa13266	SRR8446387	0.35418656100627166
3	SRR8446387	PCa13266	0.35418656100627166
3	PCa13266	4DNFI6HDY7WZ	0.36956703487595954
3	4DNFI6HDY7WZ	PCa13266	0.36956703487595954
3	PCa13266	4DNFITH978XV	0.3986752121424417
3	4DNFITH978XV	PCa13266	0.3986752121424417
3	PCa13266	4DNFIT64Q7A3	0.371574102977575
3	4DNFIT64Q7A3	PCa13266	0.371574102977575
3	PCa13266	4DNFINSKEZND	0.38761005741846255
3	4DNFINSKEZND	PCa13266	0.38761005741846255
3	PCa13266	4DNFIIV4M7TF	0.4047404664237705
3	4DNFIIV4M7TF	PCa13266	0.4047404664237705
3	PCa13266	4DNFIXVAKX9Q	0.39409517930175997
3	4DNFIXVAKX9Q	PCa13266	0.39409517930175997
3	PCa13848	PCa14121	0.2990777390629688
3	PCa14121	PCa13848	0.2990777390629688
3	PCa13848	PCa19121	0.26632346121790257
3	PCa19121	PCa13848	0.26632346121790257
3	PCa13848	PCa3023	0.2548813102273957
3	PCa3023	PCa13848	0.2548813102273957
3	PCa13848	PCa33173	0.250789592555994
3	PCa33173	PCa13848	0.250789592555994
3	PCa13848	PCa40507	0.29479883440621046
3	PCa40507	PCa13848	0.29479883440621046
3	PCa13848	PCa51852	0.2883710232613958
3	PCa51852	PCa13848	0.2883710232613958
3	PCa13848	PCa53687	0.30099304206984984
3	PCa53687	PCa13848	0.30099304206984984
3	PCa13848	PCa56413	0.2699699831844453
3	PCa56413	PCa13848	0.2699699831844453
3	PCa13848	PCa57294	0.2906412624980719
3	PCa57294	PCa13848	0.2906412624980719
3	PCa13848	PCa58215	0.25763632643434103
3	PCa58215	PCa13848	0.25763632643434103
3	PCa13848	Benign-Prostate-1648133	0.31542230562773904
3	Benign-Prostate-1648133	PCa13848	0.31542230562773904
3	PCa13848	Benign-Prostate-1595983	0.30752654882997404
3	Benign-Prostate-1595983	PCa13848	0.30752654882997404
3	PCa13848	Benign-Prostate-1664855	0.32125137357318956
3	Benign-Prostate-1664855	PCa13848	0.32125137357318956
3	PCa13848	Benign-Prostate-3320942	0.31456694042443956
3	Benign-Prostate-3320942	PCa13848	0.31456694042443956
3	PCa13848	Benign-Prostate-3330581	0.31142036623442404
3	Benign-Prostate-3330581	PCa13848	0.31142036623442404
3	PCa13848	SRR7702334	0.3239196068823487
3	SRR7702334	PCa13848	0.3239196068823487
3	PCa13848	SRR7702335	0.32439842775168776
3	SRR7702335	PCa13848	0.32439842775168776
3	PCa13848	SRR8446383	0.3416064996477728
3	SRR8446383	PCa13848	0.3416064996477728
3	PCa13848	SRR8446384	0.3359199577183031
3	SRR8446384	PCa13848	0.3359199577183031
3	PCa13848	SRR8446385	0.328431432196255
3	SRR8446385	PCa13848	0.328431432196255
3	PCa13848	SRR8446386	0.3252823551310208
3	SRR8446386	PCa13848	0.3252823551310208
3	PCa13848	SRR8446387	0.3224545105689703
3	SRR8446387	PCa13848	0.3224545105689703
3	PCa13848	4DNFI6HDY7WZ	0.34202350403149434
3	4DNFI6HDY7WZ	PCa13848	0.34202350403149434
3	PCa13848	4DNFITH978XV	0.3824570911640478
3	4DNFITH978XV	PCa13848	0.3824570911640478
3	PCa13848	4DNFIT64Q7A3	0.34776696825102354
3	4DNFIT64Q7A3	PCa13848	0.34776696825102354
3	PCa13848	4DNFINSKEZND	0.3723285997853052
3	4DNFINSKEZND	PCa13848	0.3723285997853052
3	PCa13848	4DNFIIV4M7TF	0.3920467622226222
3	4DNFIIV4M7TF	PCa13848	0.3920467622226222
3	PCa13848	4DNFIXVAKX9Q	0.37852927297014466
3	4DNFIXVAKX9Q	PCa13848	0.37852927297014466
3	PCa14121	PCa19121	0.30010190753568977
3	PCa19121	PCa14121	0.30010190753568977
3	PCa14121	PCa3023	0.29386671353682414
3	PCa3023	PCa14121	0.29386671353682414
3	PCa14121	PCa33173	0.2823269443425046
3	PCa33173	PCa14121	0.2823269443425046
3	PCa14121	PCa40507	0.30574583626689594
3	PCa40507	PCa14121	0.30574583626689594
3	PCa14121	PCa51852	0.3069671319983871
3	PCa51852	PCa14121	0.3069671319983871
3	PCa14121	PCa53687	0.31173833951262087
3	PCa53687	PCa14121	0.31173833951262087
3	PCa14121	PCa56413	0.2888792918358236
3	PCa56413	PCa14121	0.2888792918358236
3	PCa14121	PCa57294	0.29212331983261725
3	PCa57294	PCa14121	0.29212331983261725
3	PCa14121	PCa58215	0.2841173164767152
3	PCa58215	PCa14121	0.2841173164767152
3	PCa14121	Benign-Prostate-1648133	0.32969590103485863
3	Benign-Prostate-1648133	PCa14121	0.32969590103485863
3	PCa14121	Benign-Prostate-1595983	0.3289292321242942
3	Benign-Prostate-1595983	PCa14121	0.3289292321242942
3	PCa14121	Benign-Prostate-1664855	0.33160124439385386
3	Benign-Prostate-1664855	PCa14121	0.33160124439385386
3	PCa14121	Benign-Prostate-3320942	0.33425102692108954
3	Benign-Prostate-3320942	PCa14121	0.33425102692108954
3	PCa14121	Benign-Prostate-3330581	0.3310966605420303
3	Benign-Prostate-3330581	PCa14121	0.3310966605420303
3	PCa14121	SRR7702334	0.3590854151984616
3	SRR7702334	PCa14121	0.3590854151984616
3	PCa14121	SRR7702335	0.35306645013694676
3	SRR7702335	PCa14121	0.35306645013694676
3	PCa14121	SRR8446383	0.3705017615116559
3	SRR8446383	PCa14121	0.3705017615116559
3	PCa14121	SRR8446384	0.35887572310274035
3	SRR8446384	PCa14121	0.35887572310274035
3	PCa14121	SRR8446385	0.35807289959162514
3	SRR8446385	PCa14121	0.35807289959162514
3	PCa14121	SRR8446386	0.356426208035454
3	SRR8446386	PCa14121	0.356426208035454
3	PCa14121	SRR8446387	0.3603688353097858
3	SRR8446387	PCa14121	0.3603688353097858
3	PCa14121	4DNFI6HDY7WZ	0.3778961678037877
3	4DNFI6HDY7WZ	PCa14121	0.3778961678037877
3	PCa14121	4DNFITH978XV	0.40139525111315505
3	4DNFITH978XV	PCa14121	0.40139525111315505
3	PCa14121	4DNFIT64Q7A3	0.3748765834210467
3	4DNFIT64Q7A3	PCa14121	0.3748765834210467
3	PCa14121	4DNFINSKEZND	0.39643612084498137
3	4DNFINSKEZND	PCa14121	0.39643612084498137
3	PCa14121	4DNFIIV4M7TF	0.41154578653413615
3	4DNFIIV4M7TF	PCa14121	0.41154578653413615
3	PCa14121	4DNFIXVAKX9Q	0.40184476105406663
3	4DNFIXVAKX9Q	PCa14121	0.40184476105406663
3	PCa19121	PCa3023	0.2629460589088209
3	PCa3023	PCa19121	0.2629460589088209
3	PCa19121	PCa33173	0.2650040571924858
3	PCa33173	PCa19121	0.2650040571924858
3	PCa19121	PCa40507	0.2990936675382225
3	PCa40507	PCa19121	0.2990936675382225
3	PCa19121	PCa51852	0.2858575705064206
3	PCa51852	PCa19121	0.2858575705064206
3	PCa19121	PCa53687	0.302194306606486
3	PCa53687	PCa19121	0.302194306606486
3	PCa19121	PCa56413	0.2820942398859673
3	PCa56413	PCa19121	0.2820942398859673
3	PCa19121	PCa57294	0.2826542006328098
3	PCa57294	PCa19121	0.2826542006328098
3	PCa19121	PCa58215	0.273352686624421
3	PCa58215	PCa19121	0.273352686624421
3	PCa19121	Benign-Prostate-1648133	0.32576662459950023
3	Benign-Prostate-1648133	PCa19121	0.32576662459950023
3	PCa19121	Benign-Prostate-1595983	0.32113802557694004
3	Benign-Prostate-1595983	PCa19121	0.32113802557694004
3	PCa19121	Benign-Prostate-1664855	0.3276590535358103
3	Benign-Prostate-1664855	PCa19121	0.3276590535358103
3	PCa19121	Benign-Prostate-3320942	0.32557519980157473
3	Benign-Prostate-3320942	PCa19121	0.32557519980157473
3	PCa19121	Benign-Prostate-3330581	0.3225603244456149
3	Benign-Prostate-3330581	PCa19121	0.3225603244456149
3	PCa19121	SRR7702334	0.3486408631132965
3	SRR7702334	PCa19121	0.3486408631132965
3	PCa19121	SRR7702335	0.342255273776489
3	SRR7702335	PCa19121	0.342255273776489
3	PCa19121	SRR8446383	0.36804953869532114
3	SRR8446383	PCa19121	0.36804953869532114
3	PCa19121	SRR8446384	0.351790964387255
3	SRR8446384	PCa19121	0.351790964387255
3	PCa19121	SRR8446385	0.3524021276061587
3	SRR8446385	PCa19121	0.3524021276061587
3	PCa19121	SRR8446386	0.35085816819049015
3	SRR8446386	PCa19121	0.35085816819049015
3	PCa19121	SRR8446387	0.34645433286314925
3	SRR8446387	PCa19121	0.34645433286314925
3	PCa19121	4DNFI6HDY7WZ	0.36511907734126203
3	4DNFI6HDY7WZ	PCa19121	0.36511907734126203
3	PCa19121	4DNFITH978XV	0.4009585678989458
3	4DNFITH978XV	PCa19121	0.4009585678989458
3	PCa19121	4DNFIT64Q7A3	0.36814043336610786
3	4DNFIT64Q7A3	PCa19121	0.36814043336610786
3	PCa19121	4DNFINSKEZND	0.38824346085237854
3	4DNFINSKEZND	PCa19121	0.38824346085237854
3	PCa19121	4DNFIIV4M7TF	0.4045155846511841
3	4DNFIIV4M7TF	PCa19121	0.4045155846511841
3	PCa19121	4DNFIXVAKX9Q	0.3966270841517077
3	4DNFIXVAKX9Q	PCa19121	0.3966270841517077
3	PCa3023	PCa33173	0.2509652961357013
3	PCa33173	PCa3023	0.2509652961357013
3	PCa3023	PCa40507	0.2893206939086444
3	PCa40507	PCa3023	0.2893206939086444
3	PCa3023	PCa51852	0.2866915959906335
3	PCa51852	PCa3023	0.2866915959906335
3	PCa3023	PCa53687	0.2947307129135274
3	PCa53687	PCa3023	0.2947307129135274
3	PCa3023	PCa56413	0.25645409493309557
3	PCa56413	PCa3023	0.25645409493309557
3	PCa3023	PCa57294	0.28544309856396755
3	PCa57294	PCa3023	0.28544309856396755
3	PCa3023	PCa58215	0.25913018541153066
3	PCa58215	PCa3023	0.25913018541153066
3	PCa3023	Benign-Prostate-1648133	0.3101509936472522
3	Benign-Prostate-1648133	PCa3023	0.3101509936472522
3	PCa3023	Benign-Prostate-1595983	0.3116831768659751
3	Benign-Prostate-1595983	PCa3023	0.3116831768659751
3	PCa3023	Benign-Prostate-1664855	0.31911791733057754
3	Benign-Prostate-1664855	PCa3023	0.31911791733057754
3	PCa3023	Benign-Prostate-3320942	0.3112512820949052
3	Benign-Prostate-3320942	PCa3023	0.3112512820949052
3	PCa3023	Benign-Prostate-3330581	0.3159173822712601
3	Benign-Prostate-3330581	PCa3023	0.3159173822712601
3	PCa3023	SRR7702334	0.331706462419166
3	SRR7702334	PCa3023	0.331706462419166
3	PCa3023	SRR7702335	0.3223850299822914
3	SRR7702335	PCa3023	0.3223850299822914
3	PCa3023	SRR8446383	0.35179615592553637
3	SRR8446383	PCa3023	0.35179615592553637
3	PCa3023	SRR8446384	0.33927559851491207
3	SRR8446384	PCa3023	0.33927559851491207
3	PCa3023	SRR8446385	0.32934886076253533
3	SRR8446385	PCa3023	0.32934886076253533
3	PCa3023	SRR8446386	0.3266979460084654
3	SRR8446386	PCa3023	0.3266979460084654
3	PCa3023	SRR8446387	0.33201563099206555
3	SRR8446387	PCa3023	0.33201563099206555
3	PCa3023	4DNFI6HDY7WZ	0.3465780595971425
3	4DNFI6HDY7WZ	PCa3023	0.3465780595971425
3	PCa3023	4DNFITH978XV	0.383743984668751
3	4DNFITH978XV	PCa3023	0.383743984668751
3	PCa3023	4DNFIT64Q7A3	0.3497459318934362
3	4DNFIT64Q7A3	PCa3023	0.3497459318934362
3	PCa3023	4DNFINSKEZND	0.37226693008710016
3	4DNFINSKEZND	PCa3023	0.37226693008710016
3	PCa3023	4DNFIIV4M7TF	0.3968442839473001
3	4DNFIIV4M7TF	PCa3023	0.3968442839473001
3	PCa3023	4DNFIXVAKX9Q	0.38415098848016854
3	4DNFIXVAKX9Q	PCa3023	0.38415098848016854
3	PCa33173	PCa40507	0.283379879331506
3	PCa40507	PCa33173	0.283379879331506
3	PCa33173	PCa51852	0.2783507713147955
3	PCa51852	PCa33173	0.2783507713147955
3	PCa33173	PCa53687	0.28846536395742095
3	PCa53687	PCa33173	0.28846536395742095
3	PCa33173	PCa56413	0.2639517188880173
3	PCa56413	PCa33173	0.2639517188880173
3	PCa33173	PCa57294	0.2745172384737843
3	PCa57294	PCa33173	0.2745172384737843
3	PCa33173	PCa58215	0.2503557248917703
3	PCa58215	PCa33173	0.2503557248917703
3	PCa33173	Benign-Prostate-1648133	0.3059400458658329
3	Benign-Prostate-1648133	PCa33173	0.3059400458658329
3	PCa33173	Benign-Prostate-1595983	0.2987803259140575
3	Benign-Prostate-1595983	PCa33173	0.2987803259140575
3	PCa33173	Benign-Prostate-1664855	0.30343179715204505
3	Benign-Prostate-1664855	PCa33173	0.30343179715204505
3	PCa33173	Benign-Prostate-3320942	0.30367981893435425
3	Benign-Prostate-3320942	PCa33173	0.30367981893435425
3	PCa33173	Benign-Prostate-3330581	0.29842127862520584
3	Benign-Prostate-3330581	PCa33173	0.29842127862520584
3	PCa33173	SRR7702334	0.3223016017879917
3	SRR7702334	PCa33173	0.3223016017879917
3	PCa33173	SRR7702335	0.32010488255853903
3	SRR7702335	PCa33173	0.32010488255853903
3	PCa33173	SRR8446383	0.3390551622273507
3	SRR8446383	PCa33173	0.3390551622273507
3	PCa33173	SRR8446384	0.32172519980491643
3	SRR8446384	PCa33173	0.32172519980491643
3	PCa33173	SRR8446385	0.33502996410982044
3	SRR8446385	PCa33173	0.33502996410982044
3	PCa33173	SRR8446386	0.3347364269740885
3	SRR8446386	PCa33173	0.3347364269740885
3	PCa33173	SRR8446387	0.3303818633353639
3	SRR8446387	PCa33173	0.3303818633353639
3	PCa33173	4DNFI6HDY7WZ	0.35038572196765294
3	4DNFI6HDY7WZ	PCa33173	0.35038572196765294
3	PCa33173	4DNFITH978XV	0.38253008187052673
3	4DNFITH978XV	PCa33173	0.38253008187052673
3	PCa33173	4DNFIT64Q7A3	0.3511189644245527
3	4DNFIT64Q7A3	PCa33173	0.3511189644245527
3	PCa33173	4DNFINSKEZND	0.36735169375345483
3	4DNFINSKEZND	PCa33173	0.36735169375345483
3	PCa33173	4DNFIIV4M7TF	0.382855323189327
3	4DNFIIV4M7TF	PCa33173	0.382855323189327
3	PCa33173	4DNFIXVAKX9Q	0.37316633079643485
3	4DNFIXVAKX9Q	PCa33173	0.37316633079643485
3	PCa40507	PCa51852	0.297361323882743
3	PCa51852	PCa40507	0.297361323882743
3	PCa40507	PCa53687	0.3190015217883209
3	PCa53687	PCa40507	0.3190015217883209
3	PCa40507	PCa56413	0.287926790729073
3	PCa56413	PCa40507	0.287926790729073
3	PCa40507	PCa57294	0.30176735753562617
3	PCa57294	PCa40507	0.30176735753562617
3	PCa40507	PCa58215	0.2885776673858287
3	PCa58215	PCa40507	0.2885776673858287
3	PCa40507	Benign-Prostate-1648133	0.32350873455757595
3	Benign-Prostate-1648133	PCa40507	0.32350873455757595
3	PCa40507	Benign-Prostate-1595983	0.3298397306346194
3	Benign-Prostate-1595983	PCa40507	0.3298397306346194
3	PCa40507	Benign-Prostate-1664855	0.3291046310996632
3	Benign-Prostate-1664855	PCa40507	0.3291046310996632
3	PCa40507	Benign-Prostate-3320942	0.3235193452294612
3	Benign-Prostate-3320942	PCa40507	0.3235193452294612
3	PCa40507	Benign-Prostate-3330581	0.32840272800804077
3	Benign-Prostate-3330581	PCa40507	0.32840272800804077
3	PCa40507	SRR7702334	0.3543290812184648
3	SRR7702334	PCa40507	0.3543290812184648
3	PCa40507	SRR7702335	0.3475440022117399
3	SRR7702335	PCa40507	0.3475440022117399
3	PCa40507	SRR8446383	0.3695544352639351
3	SRR8446383	PCa40507	0.3695544352639351
3	PCa40507	SRR8446384	0.3565679760990669
3	SRR8446384	PCa40507	0.3565679760990669
3	PCa40507	SRR8446385	0.36099356088350903
3	SRR8446385	PCa40507	0.36099356088350903
3	PCa40507	SRR8446386	0.3623671574421619
3	SRR8446386	PCa40507	0.3623671574421619
3	PCa40507	SRR8446387	0.3665228983177187
3	SRR8446387	PCa40507	0.3665228983177187
3	PCa40507	4DNFI6HDY7WZ	0.37749352208347986
3	4DNFI6HDY7WZ	PCa40507	0.37749352208347986
3	PCa40507	4DNFITH978XV	0.4006587185562591
3	4DNFITH978XV	PCa40507	0.4006587185562591
3	PCa40507	4DNFIT64Q7A3	0.37395222291327995
3	4DNFIT64Q7A3	PCa40507	0.37395222291327995
3	PCa40507	4DNFINSKEZND	0.3954251490064636
3	4DNFINSKEZND	PCa40507	0.3954251490064636
3	PCa40507	4DNFIIV4M7TF	0.4057618846859545
3	4DNFIIV4M7TF	PCa40507	0.4057618846859545
3	PCa40507	4DNFIXVAKX9Q	0.40082640813872067
3	4DNFIXVAKX9Q	PCa40507	0.40082640813872067
3	PCa51852	PCa53687	0.30552260144577464
3	PCa53687	PCa51852	0.30552260144577464
3	PCa51852	PCa56413	0.29035900325072045
3	PCa56413	PCa51852	0.29035900325072045
3	PCa51852	PCa57294	0.2952103720927998
3	PCa57294	PCa51852	0.2952103720927998
3	PCa51852	PCa58215	0.28546658628057653
3	PCa58215	PCa51852	0.28546658628057653
3	PCa51852	Benign-Prostate-1648133	0.32573133274404337
3	Benign-Prostate-1648133	PCa51852	0.32573133274404337
3	PCa51852	Benign-Prostate-1595983	0.3173869546590435
3	Benign-Prostate-1595983	PCa51852	0.3173869546590435
3	PCa51852	Benign-Prostate-1664855	0.32626516995943333
3	Benign-Prostate-1664855	PCa51852	0.32626516995943333
3	PCa51852	Benign-Prostate-3320942	0.3267800884093823
3	Benign-Prostate-3320942	PCa51852	0.3267800884093823
3	PCa51852	Benign-Prostate-3330581	0.3191001069502285
3	Benign-Prostate-3330581	PCa51852	0.3191001069502285
3	PCa51852	SRR7702334	0.36086538477220975
3	SRR7702334	PCa51852	0.36086538477220975
3	PCa51852	SRR7702335	0.35772207698342995
3	SRR7702335	PCa51852	0.35772207698342995
3	PCa51852	SRR8446383	0.37660931790201374
3	SRR8446383	PCa51852	0.37660931790201374
3	PCa51852	SRR8446384	0.3597361923706536
3	SRR8446384	PCa51852	0.3597361923706536
3	PCa51852	SRR8446385	0.36325249346874805
3	SRR8446385	PCa51852	0.36325249346874805
3	PCa51852	SRR8446386	0.36508811540198927
3	SRR8446386	PCa51852	0.36508811540198927
3	PCa51852	SRR8446387	0.3656983619256717
3	SRR8446387	PCa51852	0.3656983619256717
3	PCa51852	4DNFI6HDY7WZ	0.38242197879492457
3	4DNFI6HDY7WZ	PCa51852	0.38242197879492457
3	PCa51852	4DNFITH978XV	0.408153112690535
3	4DNFITH978XV	PCa51852	0.408153112690535
3	PCa51852	4DNFIT64Q7A3	0.37453366082277106
3	4DNFIT64Q7A3	PCa51852	0.37453366082277106
3	PCa51852	4DNFINSKEZND	0.3989374831123451
3	4DNFINSKEZND	PCa51852	0.3989374831123451
3	PCa51852	4DNFIIV4M7TF	0.41148388469886066
3	4DNFIIV4M7TF	PCa51852	0.41148388469886066
3	PCa51852	4DNFIXVAKX9Q	0.4038745505499322
3	4DNFIXVAKX9Q	PCa51852	0.4038745505499322
3	PCa53687	PCa56413	0.301097254077938
3	PCa56413	PCa53687	0.301097254077938
3	PCa53687	PCa57294	0.2895945126886302
3	PCa57294	PCa53687	0.2895945126886302
3	PCa53687	PCa58215	0.29189032068331594
3	PCa58215	PCa53687	0.29189032068331594
3	PCa53687	Benign-Prostate-1648133	0.3420311865942914
3	Benign-Prostate-1648133	PCa53687	0.3420311865942914
3	PCa53687	Benign-Prostate-1595983	0.3366287064831979
3	Benign-Prostate-1595983	PCa53687	0.3366287064831979
3	PCa53687	Benign-Prostate-1664855	0.3361993375284191
3	Benign-Prostate-1664855	PCa53687	0.3361993375284191
3	PCa53687	Benign-Prostate-3320942	0.3411693554623655
3	Benign-Prostate-3320942	PCa53687	0.3411693554623655
3	PCa53687	Benign-Prostate-3330581	0.3318383190291545
3	Benign-Prostate-3330581	PCa53687	0.3318383190291545
3	PCa53687	SRR7702334	0.3545860011314423
3	SRR7702334	PCa53687	0.3545860011314423
3	PCa53687	SRR7702335	0.3549542142992999
3	SRR7702335	PCa53687	0.3549542142992999
3	PCa53687	SRR8446383	0.3815894751508621
3	SRR8446383	PCa53687	0.3815894751508621
3	PCa53687	SRR8446384	0.36599587173194215
3	SRR8446384	PCa53687	0.36599587173194215
3	PCa53687	SRR8446385	0.3702855772659659
3	SRR8446385	PCa53687	0.3702855772659659
3	PCa53687	SRR8446386	0.36788659382960337
3	SRR8446386	PCa53687	0.36788659382960337
3	PCa53687	SRR8446387	0.36733203651472923
3	SRR8446387	PCa53687	0.36733203651472923
3	PCa53687	4DNFI6HDY7WZ	0.3817792049686448
3	4DNFI6HDY7WZ	PCa53687	0.3817792049686448
3	PCa53687	4DNFITH978XV	0.41118186534973394
3	4DNFITH978XV	PCa53687	0.41118186534973394
3	PCa53687	4DNFIT64Q7A3	0.38234868034064295
3	4DNFIT64Q7A3	PCa53687	0.38234868034064295
3	PCa53687	4DNFINSKEZND	0.40380713176790983
3	4DNFINSKEZND	PCa53687	0.40380713176790983
3	PCa53687	4DNFIIV4M7TF	0.4161954664280344
3	4DNFIIV4M7TF	PCa53687	0.4161954664280344
3	PCa53687	4DNFIXVAKX9Q	0.40505994082837155
3	4DNFIXVAKX9Q	PCa53687	0.40505994082837155
3	PCa56413	PCa57294	0.2922111058915514
3	PCa57294	PCa56413	0.2922111058915514
3	PCa56413	PCa58215	0.2673389481012506
3	PCa58215	PCa56413	0.2673389481012506
3	PCa56413	Benign-Prostate-1648133	0.31208771334919255
3	Benign-Prostate-1648133	PCa56413	0.31208771334919255
3	PCa56413	Benign-Prostate-1595983	0.3144149973484977
3	Benign-Prostate-1595983	PCa56413	0.3144149973484977
3	PCa56413	Benign-Prostate-1664855	0.32152349123119695
3	Benign-Prostate-1664855	PCa56413	0.32152349123119695
3	PCa56413	Benign-Prostate-3320942	0.32081404233282473
3	Benign-Prostate-3320942	PCa56413	0.32081404233282473
3	PCa56413	Benign-Prostate-3330581	0.326362762552556
3	Benign-Prostate-3330581	PCa56413	0.326362762552556
3	PCa56413	SRR7702334	0.33130389255822396
3	SRR7702334	PCa56413	0.33130389255822396
3	PCa56413	SRR7702335	0.32784297958590175
3	SRR7702335	PCa56413	0.32784297958590175
3	PCa56413	SRR8446383	0.3492177792772931
3	SRR8446383	PCa56413	0.3492177792772931
3	PCa56413	SRR8446384	0.33583528351042075
3	SRR8446384	PCa56413	0.33583528351042075
3	PCa56413	SRR8446385	0.33229897752800447
3	SRR8446385	PCa56413	0.33229897752800447
3	PCa56413	SRR8446386	0.33064880767541704
3	SRR8446386	PCa56413	0.33064880767541704
3	PCa56413	SRR8446387	0.33747949025458984
3	SRR8446387	PCa56413	0.33747949025458984
3	PCa56413	4DNFI6HDY7WZ	0.3486735804460413
3	4DNFI6HDY7WZ	PCa56413	0.3486735804460413
3	PCa56413	4DNFITH978XV	0.3804626755547075
3	4DNFITH978XV	PCa56413	0.3804626755547075
3	PCa56413	4DNFIT64Q7A3	0.34995984561502236
3	4DNFIT64Q7A3	PCa56413	0.34995984561502236
3	PCa56413	4DNFINSKEZND	0.37439465519095616
3	4DNFINSKEZND	PCa56413	0.37439465519095616
3	PCa56413	4DNFIIV4M7TF	0.3989972837945949
3	4DNFIIV4M7TF	PCa56413	0.3989972837945949
3	PCa56413	4DNFIXVAKX9Q	0.3866788550325577
3	4DNFIXVAKX9Q	PCa56413	0.3866788550325577
3	PCa57294	PCa58215	0.2739214777162085
3	PCa58215	PCa57294	0.2739214777162085
3	PCa57294	Benign-Prostate-1648133	0.3318600920336253
3	Benign-Prostate-1648133	PCa57294	0.3318600920336253
3	PCa57294	Benign-Prostate-1595983	0.3265305937985884
3	Benign-Prostate-1595983	PCa57294	0.3265305937985884
3	PCa57294	Benign-Prostate-1664855	0.32964414744576714
3	Benign-Prostate-1664855	PCa57294	0.32964414744576714
3	PCa57294	Benign-Prostate-3320942	0.3271123455761462
3	Benign-Prostate-3320942	PCa57294	0.3271123455761462
3	PCa57294	Benign-Prostate-3330581	0.32118855818982495
3	Benign-Prostate-3330581	PCa57294	0.32118855818982495
3	PCa57294	SRR7702334	0.35708442145076613
3	SRR7702334	PCa57294	0.35708442145076613
3	PCa57294	SRR7702335	0.35353088062826576
3	SRR7702335	PCa57294	0.35353088062826576
3	PCa57294	SRR8446383	0.3765951850304331
3	SRR8446383	PCa57294	0.3765951850304331
3	PCa57294	SRR8446384	0.3630115697105002
3	SRR8446384	PCa57294	0.3630115697105002
3	PCa57294	SRR8446385	0.3620355750248437
3	SRR8446385	PCa57294	0.3620355750248437
3	PCa57294	SRR8446386	0.3614536173954708
3	SRR8446386	PCa57294	0.3614536173954708
3	PCa57294	SRR8446387	0.3613767723468284
3	SRR8446387	PCa57294	0.3613767723468284
3	PCa57294	4DNFI6HDY7WZ	0.3844874700202757
3	4DNFI6HDY7WZ	PCa57294	0.3844874700202757
3	PCa57294	4DNFITH978XV	0.40649609921223917
3	4DNFITH978XV	PCa57294	0.40649609921223917
3	PCa57294	4DNFIT64Q7A3	0.37920443329867926
3	4DNFIT64Q7A3	PCa57294	0.37920443329867926
3	PCa57294	4DNFINSKEZND	0.4009571608786602
3	4DNFINSKEZND	PCa57294	0.4009571608786602
3	PCa57294	4DNFIIV4M7TF	0.4173456736099669
3	4DNFIIV4M7TF	PCa57294	0.4173456736099669
3	PCa57294	4DNFIXVAKX9Q	0.4112027654277704
3	4DNFIXVAKX9Q	PCa57294	0.4112027654277704
3	PCa58215	Benign-Prostate-1648133	0.3108742367183383
3	Benign-Prostate-1648133	PCa58215	0.3108742367183383
3	PCa58215	Benign-Prostate-1595983	0.30338041775363705
3	Benign-Prostate-1595983	PCa58215	0.30338041775363705
3	PCa58215	Benign-Prostate-1664855	0.314456645984616
3	Benign-Prostate-1664855	PCa58215	0.314456645984616
3	PCa58215	Benign-Prostate-3320942	0.31352954230496966
3	Benign-Prostate-3320942	PCa58215	0.31352954230496966
3	PCa58215	Benign-Prostate-3330581	0.30566496766223766
3	Benign-Prostate-3330581	PCa58215	0.30566496766223766
3	PCa58215	SRR7702334	0.32795619841070967
3	SRR7702334	PCa58215	0.32795619841070967
3	PCa58215	SRR7702335	0.3238161722066144
3	SRR7702335	PCa58215	0.3238161722066144
3	PCa58215	SRR8446383	0.34686600073445917
3	SRR8446383	PCa58215	0.34686600073445917
3	PCa58215	SRR8446384	0.33155045405538175
3	SRR8446384	PCa58215	0.33155045405538175
3	PCa58215	SRR8446385	0.3313639419002286
3	SRR8446385	PCa58215	0.3313639419002286
3	PCa58215	SRR8446386	0.3293636614507957
3	SRR8446386	PCa58215	0.3293636614507957
3	PCa58215	SRR8446387	0.3320490174209846
3	SRR8446387	PCa58215	0.3320490174209846
3	PCa58215	4DNFI6HDY7WZ	0.34585533169091065
3	4DNFI6HDY7WZ	PCa58215	0.34585533169091065
3	PCa58215	4DNFITH978XV	0.3822239100676768
3	4DNFITH978XV	PCa58215	0.3822239100676768
3	PCa58215	4DNFIT64Q7A3	0.34798011165937937
3	4DNFIT64Q7A3	PCa58215	0.34798011165937937
3	PCa58215	4DNFINSKEZND	0.3716763781235907
3	4DNFINSKEZND	PCa58215	0.3716763781235907
3	PCa58215	4DNFIIV4M7TF	0.39904364710414963
3	4DNFIIV4M7TF	PCa58215	0.39904364710414963
3	PCa58215	4DNFIXVAKX9Q	0.3872406424044143
3	4DNFIXVAKX9Q	PCa58215	0.3872406424044143
3	Benign-Prostate-1648133	Benign-Prostate-1595983	0.30057134328404367
3	Benign-Prostate-1595983	Benign-Prostate-1648133	0.30057134328404367
3	Benign-Prostate-1648133	Benign-Prostate-1664855	0.3046836638938455
3	Benign-Prostate-1664855	Benign-Prostate-1648133	0.3046836638938455
3	Benign-Prostate-1648133	Benign-Prostate-3320942	0.2989819209539651
3	Benign-Prostate-3320942	Benign-Prostate-1648133	0.2989819209539651
3	Benign-Prostate-1648133	Benign-Prostate-3330581	0.31492352580871313
3	Benign-Prostate-3330581	Benign-Prostate-1648133	0.31492352580871313
3	Benign-Prostate-1648133	SRR7702334	0.341882090595611
3	SRR7702334	Benign-Prostate-1648133	0.341882090595611
3	Benign-Prostate-1648133	SRR7702335	0.3383743133790315
3	SRR7702335	Benign-Prostate-1648133	0.3383743133790315
3	Benign-Prostate-1648133	SRR8446383	0.3524519526022241
3	SRR8446383	Benign-Prostate-1648133	0.3524519526022241
3	Benign-Prostate-1648133	SRR8446384	0.338769630013915
3	SRR8446384	Benign-Prostate-1648133	0.338769630013915
3	Benign-Prostate-1648133	SRR8446385	0.34651498003278575
3	SRR8446385	Benign-Prostate-1648133	0.34651498003278575
3	Benign-Prostate-1648133	SRR8446386	0.34484258371091736
3	SRR8446386	Benign-Prostate-1648133	0.34484258371091736
3	Benign-Prostate-1648133	SRR8446387	0.3505495121888767
3	SRR8446387	Benign-Prostate-1648133	0.3505495121888767
3	Benign-Prostate-1648133	4DNFI6HDY7WZ	0.36604740401654673
3	4DNFI6HDY7WZ	Benign-Prostate-1648133	0.36604740401654673
3	Benign-Prostate-1648133	4DNFITH978XV	0.3951195867575047
3	4DNFITH978XV	Benign-Prostate-1648133	0.3951195867575047
3	Benign-Prostate-1648133	4DNFIT64Q7A3	0.35668403923822123
3	4DNFIT64Q7A3	Benign-Prostate-1648133	0.35668403923822123
3	Benign-Prostate-1648133	4DNFINSKEZND	0.37852937428897937
3	4DNFINSKEZND	Benign-Prostate-1648133	0.37852937428897937
3	Benign-Prostate-1648133	4DNFIIV4M7TF	0.393768082190389
3	4DNFIIV4M7TF	Benign-Prostate-1648133	0.393768082190389
3	Benign-Prostate-1648133	4DNFIXVAKX9Q	0.383231461045793
3	4DNFIXVAKX9Q	Benign-Prostate-1648133	0.383231461045793
3	Benign-Prostate-1595983	Benign-Prostate-1664855	0.3075149367754049
3	Benign-Prostate-1664855	Benign-Prostate-1595983	0.3075149367754049
3	Benign-Prostate-1595983	Benign-Prostate-3320942	0.3078867084269805
3	Benign-Prostate-3320942	Benign-Prostate-1595983	0.3078867084269805
3	Benign-Prostate-1595983	Benign-Prostate-3330581	0.3092474440183584
3	Benign-Prostate-3330581	Benign-Prostate-1595983	0.3092474440183584
3	Benign-Prostate-1595983	SRR7702334	0.33752444589911634
3	SRR7702334	Benign-Prostate-1595983	0.33752444589911634
3	Benign-Prostate-1595983	SRR7702335	0.3337162893528888
3	SRR7702335	Benign-Prostate-1595983	0.3337162893528888
3	Benign-Prostate-1595983	SRR8446383	0.34410705314848705
3	SRR8446383	Benign-Prostate-1595983	0.34410705314848705
3	Benign-Prostate-1595983	SRR8446384	0.3350014338954626
3	SRR8446384	Benign-Prostate-1595983	0.3350014338954626
3	Benign-Prostate-1595983	SRR8446385	0.3397987824970539
3	SRR8446385	Benign-Prostate-1595983	0.3397987824970539
3	Benign-Prostate-1595983	SRR8446386	0.3398697645700695
3	SRR8446386	Benign-Prostate-1595983	0.3398697645700695
3	Benign-Prostate-1595983	SRR8446387	0.33904348916324567
3	SRR8446387	Benign-Prostate-1595983	0.33904348916324567
3	Benign-Prostate-1595983	4DNFI6HDY7WZ	0.36024962021923346
3	4DNFI6HDY7WZ	Benign-Prostate-1595983	0.36024962021923346
3	Benign-Prostate-1595983	4DNFITH978XV	0.394083570774825
3	4DNFITH978XV	Benign-Prostate-1595983	0.394083570774825
3	Benign-Prostate-1595983	4DNFIT64Q7A3	0.3510050605309977
3	4DNFIT64Q7A3	Benign-Prostate-1595983	0.3510050605309977
3	Benign-Prostate-1595983	4DNFINSKEZND	0.3749845979289863
3	4DNFINSKEZND	Benign-Prostate-1595983	0.3749845979289863
3	Benign-Prostate-1595983	4DNFIIV4M7TF	0.3897078395671284
3	4DNFIIV4M7TF	Benign-Prostate-1595983	0.3897078395671284
3	Benign-Prostate-1595983	4DNFIXVAKX9Q	0.3819249222284481
3	4DNFIXVAKX9Q	Benign-Prostate-1595983	0.3819249222284481
3	Benign-Prostate-1664855	Benign-Prostate-3320942	0.29866800103214297
3	Benign-Prostate-3320942	Benign-Prostate-1664855	0.29866800103214297
3	Benign-Prostate-1664855	Benign-Prostate-3330581	0.3078053774160431
3	Benign-Prostate-3330581	Benign-Prostate-1664855	0.3078053774160431
3	Benign-Prostate-1664855	SRR7702334	0.34614714377449407
3	SRR7702334	Benign-Prostate-1664855	0.34614714377449407
3	Benign-Prostate-1664855	SRR7702335	0.3424364905346441
3	SRR7702335	Benign-Prostate-1664855	0.3424364905346441
3	Benign-Prostate-1664855	SRR8446383	0.3567461848594202
3	SRR8446383	Benign-Prostate-1664855	0.3567461848594202
3	Benign-Prostate-1664855	SRR8446384	0.34013191493624173
3	SRR8446384	Benign-Prostate-1664855	0.34013191493624173
3	Benign-Prostate-1664855	SRR8446385	0.35139262797295556
3	SRR8446385	Benign-Prostate-1664855	0.35139262797295556
3	Benign-Prostate-1664855	SRR8446386	0.3486055999300915
3	SRR8446386	Benign-Prostate-1664855	0.3486055999300915
3	Benign-Prostate-1664855	SRR8446387	0.3546665257202157
3	SRR8446387	Benign-Prostate-1664855	0.3546665257202157
3	Benign-Prostate-1664855	4DNFI6HDY7WZ	0.3653734361981393
3	4DNFI6HDY7WZ	Benign-Prostate-1664855	0.3653734361981393
3	Benign-Prostate-1664855	4DNFITH978XV	0.39928239448886194
3	4DNFITH978XV	Benign-Prostate-1664855	0.39928239448886194
3	Benign-Prostate-1664855	4DNFIT64Q7A3	0.35871437137778134
3	4DNFIT64Q7A3	Benign-Prostate-1664855	0.35871437137778134
3	Benign-Prostate-1664855	4DNFINSKEZND	0.38252509001277923
3	4DNFINSKEZND	Benign-Prostate-1664855	0.38252509001277923
3	Benign-Prostate-1664855	4DNFIIV4M7TF	0.3953584986433526
3	4DNFIIV4M7TF	Benign-Prostate-1664855	0.3953584986433526
3	Benign-Prostate-1664855	4DNFIXVAKX9Q	0.3883507056587652
3	4DNFIXVAKX9Q	Benign-Prostate-1664855	0.3883507056587652
3	Benign-Prostate-3320942	Benign-Prostate-3330581	0.3078792594227515
3	Benign-Prostate-3330581	Benign-Prostate-3320942	0.3078792594227515
3	Benign-Prostate-3320942	SRR7702334	0.34520255171251557
3	SRR7702334	Benign-Prostate-3320942	0.34520255171251557
3	Benign-Prostate-3320942	SRR7702335	0.34022070676334226
3	SRR7702335	Benign-Prostate-3320942	0.34022070676334226
3	Benign-Prostate-3320942	SRR8446383	0.35402549448789955
3	SRR8446383	Benign-Prostate-3320942	0.35402549448789955
3	Benign-Prostate-3320942	SRR8446384	0.3407204974496115
3	SRR8446384	Benign-Prostate-3320942	0.3407204974496115
3	Benign-Prostate-3320942	SRR8446385	0.3447062721413505
3	SRR8446385	Benign-Prostate-3320942	0.3447062721413505
3	Benign-Prostate-3320942	SRR8446386	0.3457374992041247
3	SRR8446386	Benign-Prostate-3320942	0.3457374992041247
3	Benign-Prostate-3320942	SRR8446387	0.35167230932140625
3	SRR8446387	Benign-Prostate-3320942	0.35167230932140625
3	Benign-Prostate-3320942	4DNFI6HDY7WZ	0.3683720191496159
3	4DNFI6HDY7WZ	Benign-Prostate-3320942	0.3683720191496159
3	Benign-Prostate-3320942	4DNFITH978XV	0.4000323207327053
3	4DNFITH978XV	Benign-Prostate-3320942	0.4000323207327053
3	Benign-Prostate-3320942	4DNFIT64Q7A3	0.35982839637782144
3	4DNFIT64Q7A3	Benign-Prostate-3320942	0.35982839637782144
3	Benign-Prostate-3320942	4DNFINSKEZND	0.38384671946572546
3	4DNFINSKEZND	Benign-Prostate-3320942	0.38384671946572546
3	Benign-Prostate-3320942	4DNFIIV4M7TF	0.396284085382373
3	4DNFIIV4M7TF	Benign-Prostate-3320942	0.396284085382373
3	Benign-Prostate-3320942	4DNFIXVAKX9Q	0.38799393743046817
3	4DNFIXVAKX9Q	Benign-Prostate-3320942	0.38799393743046817
3	Benign-Prostate-3330581	SRR7702334	0.3358606708426621
3	SRR7702334	Benign-Prostate-3330581	0.3358606708426621
3	Benign-Prostate-3330581	SRR7702335	0.3307667664748456
3	SRR7702335	Benign-Prostate-3330581	0.3307667664748456
3	Benign-Prostate-3330581	SRR8446383	0.3458732261293669
3	SRR8446383	Benign-Prostate-3330581	0.3458732261293669
3	Benign-Prostate-3330581	SRR8446384	0.3310302360685325
3	SRR8446384	Benign-Prostate-3330581	0.3310302360685325
3	Benign-Prostate-3330581	SRR8446385	0.3442072984585446
3	SRR8446385	Benign-Prostate-3330581	0.3442072984585446
3	Benign-Prostate-3330581	SRR8446386	0.3409411470932494
3	SRR8446386	Benign-Prostate-3330581	0.3409411470932494
3	Benign-Prostate-3330581	SRR8446387	0.3398682286981872
3	SRR8446387	Benign-Prostate-3330581	0.3398682286981872
3	Benign-Prostate-3330581	4DNFI6HDY7WZ	0.3717366290179909
3	4DNFI6HDY7WZ	Benign-Prostate-3330581	0.3717366290179909
3	Benign-Prostate-3330581	4DNFITH978XV	0.402414021532626
3	4DNFITH978XV	Benign-Prostate-3330581	0.402414021532626
3	Benign-Prostate-3330581	4DNFIT64Q7A3	0.3605030972873035
3	4DNFIT64Q7A3	Benign-Prostate-3330581	0.3605030972873035
3	Benign-Prostate-3330581	4DNFINSKEZND	0.38197547923854697
3	4DNFINSKEZND	Benign-Prostate-3330581	0.38197547923854697
3	Benign-Prostate-3330581	4DNFIIV4M7TF	0.3970469852306648
3	4DNFIIV4M7TF	Benign-Prostate-3330581	0.3970469852306648
3	Benign-Prostate-3330581	4DNFIXVAKX9Q	0.3863062818005095
3	4DNFIXVAKX9Q	Benign-Prostate-3330581	0.3863062818005095
3	SRR7702334	SRR7702335	0.15927767094165984
3	SRR7702335	SRR7702334	0.15927767094165984
3	SRR7702334	SRR8446383	0.27090658024917535
3	SRR8446383	SRR7702334	0.27090658024917535
3	SRR7702334	SRR8446384	0.2651082533425702
3	SRR8446384	SRR7702334	0.2651082533425702
3	SRR7702334	SRR8446385	0.25942536876165867
3	SRR8446385	SRR7702334	0.25942536876165867
3	SRR7702334	SRR8446386	0.25403900022177517
3	SRR8446386	SRR7702334	0.25403900022177517
3	SRR7702334	SRR8446387	0.2468863824858123
3	SRR8446387	SRR7702334	0.2468863824858123
3	SRR7702334	4DNFI6HDY7WZ	0.2910188587932384
3	4DNFI6HDY7WZ	SRR7702334	0.2910188587932384
3	SRR7702334	4DNFITH978XV	0.35685699433812035
3	4DNFITH978XV	SRR7702334	0.35685699433812035
3	SRR7702334	4DNFIT64Q7A3	0.28697522807949105
3	4DNFIT64Q7A3	SRR7702334	0.28697522807949105
3	SRR7702334	4DNFINSKEZND	0.30189778747941565
3	4DNFINSKEZND	SRR7702334	0.30189778747941565
3	SRR7702334	4DNFIIV4M7TF	0.36729654366680237
3	4DNFIIV4M7TF	SRR7702334	0.36729654366680237
3	SRR7702334	4DNFIXVAKX9Q	0.34050066155086783
3	4DNFIXVAKX9Q	SRR7702334	0.34050066155086783
3	SRR7702335	SRR8446383	0.27543783580004094
3	SRR8446383	SRR7702335	0.27543783580004094
3	SRR7702335	SRR8446384	0.2701448514565866
3	SRR8446384	SRR7702335	0.2701448514565866
3	SRR7702335	SRR8446385	0.26636824925323593
3	SRR8446385	SRR7702335	0.26636824925323593
3	SRR7702335	SRR8446386	0.2624090266119072
3	SRR8446386	SRR7702335	0.2624090266119072
3	SRR7702335	SRR8446387	0.2509528432226465
3	SRR8446387	SRR7702335	0.2509528432226465
3	SRR7702335	4DNFI6HDY7WZ	0.2954407790897272
3	4DNFI6HDY7WZ	SRR7702335	0.2954407790897272
3	SRR7702335	4DNFITH978XV	0.3590587374260784
3	4DNFITH978XV	SRR7702335	0.3590587374260784
3	SRR7702335	4DNFIT64Q7A3	0.28911552836571713
3	4DNFIT64Q7A3	SRR7702335	0.28911552836571713
3	SRR7702335	4DNFINSKEZND	0.30391632567028115
3	4DNFINSKEZND	SRR7702335	0.30391632567028115
3	SRR7702335	4DNFIIV4M7TF	0.36240183294985523
3	4DNFIIV4M7TF	SRR7702335	0.36240183294985523
3	SRR7702335	4DNFIXVAKX9Q	0.34371528995863576
3	4DNFIXVAKX9Q	SRR7702335	0.34371528995863576
3	SRR8446383	SRR8446384	0.186575008684595
3	SRR8446384	SRR8446383	0.186575008684595
3	SRR8446383	SRR8446385	0.2942777748619842
3	SRR8446385	SRR8446383	0.2942777748619842
3	SRR8446383	SRR8446386	0.2923041930185802
3	SRR8446386	SRR8446383	0.2923041930185802
3	SRR8446383	SRR8446387	0.2883074611937666
3	SRR8446387	SRR8446383	0.2883074611937666
3	SRR8446383	4DNFI6HDY7WZ	0.30657862653267914
3	4DNFI6HDY7WZ	SRR8446383	0.30657862653267914
3	SRR8446383	4DNFITH978XV	0.3591144188231521
3	4DNFITH978XV	SRR8446383	0.3591144188231521
3	SRR8446383	4DNFIT64Q7A3	0.3059173030072363
3	4DNFIT64Q7A3	SRR8446383	0.3059173030072363
3	SRR8446383	4DNFINSKEZND	0.3115239514594792
3	4DNFINSKEZND	SRR8446383	0.3115239514594792
3	SRR8446383	4DNFIIV4M7TF	0.3689757132677393
3	4DNFIIV4M7TF	SRR8446383	0.3689757132677393
3	SRR8446383	4DNFIXVAKX9Q	0.33889765568249325
3	4DNFIXVAKX9Q	SRR8446383	0.33889765568249325
3	SRR8446384	SRR8446385	0.2944314158325439
3	SRR8446385	SRR8446384	0.2944314158325439
3	SRR8446384	SRR8446386	0.29410182477349345
3	SRR8446386	SRR8446384	0.29410182477349345
3	SRR8446384	SRR8446387	0.2863514463689929
3	SRR8446387	SRR8446384	0.2863514463689929
3	SRR8446384	4DNFI6HDY7WZ	0.32015002109479673
3	4DNFI6HDY7WZ	SRR8446384	0.32015002109479673
3	SRR8446384	4DNFITH978XV	0.3669833935731865
3	4DNFITH978XV	SRR8446384	0.3669833935731865
3	SRR8446384	4DNFIT64Q7A3	0.3094322020688689
3	4DNFIT64Q7A3	SRR8446384	0.3094322020688689
3	SRR8446384	4DNFINSKEZND	0.3189053974794096
3	4DNFINSKEZND	SRR8446384	0.3189053974794096
3	SRR8446384	4DNFIIV4M7TF	0.3716214811572768
3	4DNFIIV4M7TF	SRR8446384	0.3716214811572768
3	SRR8446384	4DNFIXVAKX9Q	0.34479435048877827
3	4DNFIXVAKX9Q	SRR8446384	0.34479435048877827
3	SRR8446385	SRR8446386	0.20494781756912112
3	SRR8446386	SRR8446385	0.20494781756912112
3	SRR8446385	SRR8446387	0.22312543957962022
3	SRR8446387	SRR8446385	0.22312543957962022
3	SRR8446385	4DNFI6HDY7WZ	0.29444932327880696
3	4DNFI6HDY7WZ	SRR8446385	0.29444932327880696
3	SRR8446385	4DNFITH978XV	0.3594931342517239
3	4DNFITH978XV	SRR8446385	0.3594931342517239
3	SRR8446385	4DNFIT64Q7A3	0.3064458839017564
3	4DNFIT64Q7A3	SRR8446385	0.3064458839017564
3	SRR8446385	4DNFINSKEZND	0.32379698335518625
3	4DNFINSKEZND	SRR8446385	0.32379698335518625
3	SRR8446385	4DNFIIV4M7TF	0.3827901592773631
3	4DNFIIV4M7TF	SRR8446385	0.3827901592773631
3	SRR8446385	4DNFIXVAKX9Q	0.35870826583972076
3	4DNFIXVAKX9Q	SRR8446385	0.35870826583972076
3	SRR8446386	SRR8446387	0.20877185430853823
3	SRR8446387	SRR8446386	0.20877185430853823
3	SRR8446386	4DNFI6HDY7WZ	0.29163843517199967
3	4DNFI6HDY7WZ	SRR8446386	0.29163843517199967
3	SRR8446386	4DNFITH978XV	0.3596431261272969
3	4DNFITH978XV	SRR8446386	0.3596431261272969
3	SRR8446386	4DNFIT64Q7A3	0.3064411729703318
3	4DNFIT64Q7A3	SRR8446386	0.3064411729703318
3	SRR8446386	4DNFINSKEZND	0.32400047478409827
3	4DNFINSKEZND	SRR8446386	0.32400047478409827
3	SRR8446386	4DNFIIV4M7TF	0.3841398439023248
3	4DNFIIV4M7TF	SRR8446386	0.3841398439023248
3	SRR8446386	4DNFIXVAKX9Q	0.3610175966208829
3	4DNFIXVAKX9Q	SRR8446386	0.3610175966208829
3	SRR8446387	4DNFI6HDY7WZ	0.3017433080695988
3	4DNFI6HDY7WZ	SRR8446387	0.3017433080695988
3	SRR8446387	4DNFITH978XV	0.3651514765658922
3	4DNFITH978XV	SRR8446387	0.3651514765658922
3	SRR8446387	4DNFIT64Q7A3	0.3094025561277547
3	4DNFIT64Q7A3	SRR8446387	0.3094025561277547
3	SRR8446387	4DNFINSKEZND	0.3290028708351367
3	4DNFINSKEZND	SRR8446387	0.3290028708351367
3	SRR8446387	4DNFIIV4M7TF	0.3870926721974347
3	4DNFIIV4M7TF	SRR8446387	0.3870926721974347
3	SRR8446387	4DNFIXVAKX9Q	0.36252200170959764
3	4DNFIXVAKX9Q	SRR8446387	0.36252200170959764
3	4DNFI6HDY7WZ	4DNFITH978XV	0.2804221663553048
3	4DNFITH978XV	4DNFI6HDY7WZ	0.2804221663553048
3	4DNFI6HDY7WZ	4DNFIT64Q7A3	0.27881710346028954
3	4DNFIT64Q7A3	4DNFI6HDY7WZ	0.27881710346028954
3	4DNFI6HDY7WZ	4DNFINSKEZND	0.30131434120188383
3	4DNFINSKEZND	4DNFI6HDY7WZ	0.30131434120188383
3	4DNFI6HDY7WZ	4DNFIIV4M7TF	0.36758756662856135
3	4DNFIIV4M7TF	4DNFI6HDY7WZ	0.36758756662856135
3	4DNFI6HDY7WZ	4DNFIXVAKX9Q	0.3419625660195538
3	4DNFIXVAKX9Q	4DNFI6HDY7WZ	0.3419625660195538
3	4DNFITH978XV	4DNFIT64Q7A3	0.3351629938224069
3	4DNFIT64Q7A3	4DNFITH978XV	0.3351629938224069
3	4DNFITH978XV	4DNFINSKEZND	0.33686412207638033
