w	s1	s2	BPscore
3	PCa13266	PCa13848	0.3857663677538297
3	PCa13848	PCa13266	0.3857663677538297
3	PCa13266	PCa14121	0.40127525295462274
3	PCa14121	PCa13266	0.40127525295462274
3	PCa13266	PCa19121	0.3891578090738549
3	PCa19121	PCa13266	0.3891578090738549
3	PCa13266	PCa3023	0.3853890273051386
3	PCa3023	PCa13266	0.3853890273051386
3	PCa13266	PCa33173	0.3693243039375661
3	PCa33173	PCa13266	0.3693243039375661
3	PCa13266	PCa40507	0.3980037541032417
3	PCa40507	PCa13266	0.3980037541032417
3	PCa13266	PCa51852	0.40830600305649645
3	PCa51852	PCa13266	0.40830600305649645
3	PCa13266	PCa53687	0.4046681950857043
3	PCa53687	PCa13266	0.4046681950857043
3	PCa13266	PCa56413	0.38994770752433755
3	PCa56413	PCa13266	0.38994770752433755
3	PCa13266	PCa57294	0.3893934166587997
3	PCa57294	PCa13266	0.3893934166587997
3	PCa13266	PCa58215	0.3846424798511566
3	PCa58215	PCa13266	0.3846424798511566
3	PCa13266	Benign-Prostate-1648133	0.38060600904127
3	Benign-Prostate-1648133	PCa13266	0.38060600904127
3	PCa13266	Benign-Prostate-1595983	0.3742768109860017
3	Benign-Prostate-1595983	PCa13266	0.3742768109860017
3	PCa13266	Benign-Prostate-1664855	0.3654293317138693
3	Benign-Prostate-1664855	PCa13266	0.3654293317138693
3	PCa13266	Benign-Prostate-3320942	0.37819572266505436
3	Benign-Prostate-3320942	PCa13266	0.37819572266505436
3	PCa13266	Benign-Prostate-3330581	0.37382356135124084
3	Benign-Prostate-3330581	PCa13266	0.37382356135124084
3	PCa13266	SRR7702334	0.41858583187685594
3	SRR7702334	PCa13266	0.41858583187685594
3	PCa13266	SRR7702335	0.4153241299634763
3	SRR7702335	PCa13266	0.4153241299634763
3	PCa13266	SRR8446383	0.4274569449262401
3	SRR8446383	PCa13266	0.4274569449262401
3	PCa13266	SRR8446384	0.4163118219245224
3	SRR8446384	PCa13266	0.4163118219245224
3	PCa13266	SRR8446385	0.4322962655941723
3	SRR8446385	PCa13266	0.4322962655941723
3	PCa13266	SRR8446386	0.4292936489802633
3	SRR8446386	PCa13266	0.4292936489802633
3	PCa13266	SRR8446387	0.43313613275401247
3	SRR8446387	PCa13266	0.43313613275401247
3	PCa13266	4DNFI6HDY7WZ	0.4343386461153059
3	4DNFI6HDY7WZ	PCa13266	0.4343386461153059
3	PCa13266	4DNFITH978XV	0.4615931967195449
3	4DNFITH978XV	PCa13266	0.4615931967195449
3	PCa13266	4DNFIT64Q7A3	0.43687289373608895
3	4DNFIT64Q7A3	PCa13266	0.43687289373608895
3	PCa13266	4DNFINSKEZND	0.4503855682826166
3	4DNFINSKEZND	PCa13266	0.4503855682826166
3	PCa13266	4DNFIIV4M7TF	0.45830074238471674
3	4DNFIIV4M7TF	PCa13266	0.45830074238471674
3	PCa13266	4DNFIXVAKX9Q	0.45748812602273065
3	4DNFIXVAKX9Q	PCa13266	0.45748812602273065
3	PCa13848	PCa14121	0.3986819436967414
3	PCa14121	PCa13848	0.3986819436967414
3	PCa13848	PCa19121	0.35394042929403835
3	PCa19121	PCa13848	0.35394042929403835
3	PCa13848	PCa3023	0.33286495188590187
3	PCa3023	PCa13848	0.33286495188590187
3	PCa13848	PCa33173	0.33814400964730523
3	PCa33173	PCa13848	0.33814400964730523
3	PCa13848	PCa40507	0.3840329462955971
3	PCa40507	PCa13848	0.3840329462955971
3	PCa13848	PCa51852	0.41590386100566634
3	PCa51852	PCa13848	0.41590386100566634
3	PCa13848	PCa53687	0.3946957224762765
3	PCa53687	PCa13848	0.3946957224762765
3	PCa13848	PCa56413	0.343711675487972
3	PCa56413	PCa13848	0.343711675487972
3	PCa13848	PCa57294	0.37906727001861046
3	PCa57294	PCa13848	0.37906727001861046
3	PCa13848	PCa58215	0.3437200517933461
3	PCa58215	PCa13848	0.3437200517933461
3	PCa13848	Benign-Prostate-1648133	0.34336798467283125
3	Benign-Prostate-1648133	PCa13848	0.34336798467283125
3	PCa13848	Benign-Prostate-1595983	0.33083481221920424
3	Benign-Prostate-1595983	PCa13848	0.33083481221920424
3	PCa13848	Benign-Prostate-1664855	0.33495618527611964
3	Benign-Prostate-1664855	PCa13848	0.33495618527611964
3	PCa13848	Benign-Prostate-3320942	0.3364457804149643
3	Benign-Prostate-3320942	PCa13848	0.3364457804149643
3	PCa13848	Benign-Prostate-3330581	0.3316475877524295
3	Benign-Prostate-3330581	PCa13848	0.3316475877524295
3	PCa13848	SRR7702334	0.35255176661768767
3	SRR7702334	PCa13848	0.35255176661768767
3	PCa13848	SRR7702335	0.3524491164439122
3	SRR7702335	PCa13848	0.3524491164439122
3	PCa13848	SRR8446383	0.3639536507282993
3	SRR8446383	PCa13848	0.3639536507282993
3	PCa13848	SRR8446384	0.3595075236173067
3	SRR8446384	PCa13848	0.3595075236173067
3	PCa13848	SRR8446385	0.3506451810231334
3	SRR8446385	PCa13848	0.3506451810231334
3	PCa13848	SRR8446386	0.349742489240186
3	SRR8446386	PCa13848	0.349742489240186
3	PCa13848	SRR8446387	0.34877314231411344
3	SRR8446387	PCa13848	0.34877314231411344
3	PCa13848	4DNFI6HDY7WZ	0.3823301356603598
3	4DNFI6HDY7WZ	PCa13848	0.3823301356603598
3	PCa13848	4DNFITH978XV	0.40819462467341905
3	4DNFITH978XV	PCa13848	0.40819462467341905
3	PCa13848	4DNFIT64Q7A3	0.3780938158781635
3	4DNFIT64Q7A3	PCa13848	0.3780938158781635
3	PCa13848	4DNFINSKEZND	0.39785501574030374
3	4DNFINSKEZND	PCa13848	0.39785501574030374
3	PCa13848	4DNFIIV4M7TF	0.4161860096130729
3	4DNFIIV4M7TF	PCa13848	0.4161860096130729
3	PCa13848	4DNFIXVAKX9Q	0.408902143983613
3	4DNFIXVAKX9Q	PCa13848	0.408902143983613
3	PCa14121	PCa19121	0.3979145831187493
3	PCa19121	PCa14121	0.3979145831187493
3	PCa14121	PCa3023	0.3921411410623308
3	PCa3023	PCa14121	0.3921411410623308
3	PCa14121	PCa33173	0.38777403384520487
3	PCa33173	PCa14121	0.38777403384520487
3	PCa14121	PCa40507	0.4082297206202606
3	PCa40507	PCa14121	0.4082297206202606
3	PCa14121	PCa51852	0.415702806417724
3	PCa51852	PCa14121	0.415702806417724
3	PCa14121	PCa53687	0.4066000841996563
3	PCa53687	PCa14121	0.4066000841996563
3	PCa14121	PCa56413	0.3922424360185322
3	PCa56413	PCa14121	0.3922424360185322
3	PCa14121	PCa57294	0.401704996163024
3	PCa57294	PCa14121	0.401704996163024
3	PCa14121	PCa58215	0.38972706230423604
3	PCa58215	PCa14121	0.38972706230423604
3	PCa14121	Benign-Prostate-1648133	0.4005175419027572
3	Benign-Prostate-1648133	PCa14121	0.4005175419027572
3	PCa14121	Benign-Prostate-1595983	0.390508438561826
3	Benign-Prostate-1595983	PCa14121	0.390508438561826
3	PCa14121	Benign-Prostate-1664855	0.39048609303065906
3	Benign-Prostate-1664855	PCa14121	0.39048609303065906
3	PCa14121	Benign-Prostate-3320942	0.39293479510373414
3	Benign-Prostate-3320942	PCa14121	0.39293479510373414
3	PCa14121	Benign-Prostate-3330581	0.3955742629749158
3	Benign-Prostate-3330581	PCa14121	0.3955742629749158
3	PCa14121	SRR7702334	0.4218233513712937
3	SRR7702334	PCa14121	0.4218233513712937
3	PCa14121	SRR7702335	0.4182707614018619
3	SRR7702335	PCa14121	0.4182707614018619
3	PCa14121	SRR8446383	0.430823296226225
3	SRR8446383	PCa14121	0.430823296226225
3	PCa14121	SRR8446384	0.4207996793844588
3	SRR8446384	PCa14121	0.4207996793844588
3	PCa14121	SRR8446385	0.4308028264510473
3	SRR8446385	PCa14121	0.4308028264510473
3	PCa14121	SRR8446386	0.4313247870895088
3	SRR8446386	PCa14121	0.4313247870895088
3	PCa14121	SRR8446387	0.43534927368503923
3	SRR8446387	PCa14121	0.43534927368503923
3	PCa14121	4DNFI6HDY7WZ	0.4307946439123013
3	4DNFI6HDY7WZ	PCa14121	0.4307946439123013
3	PCa14121	4DNFITH978XV	0.4595396688272951
3	4DNFITH978XV	PCa14121	0.4595396688272951
3	PCa14121	4DNFIT64Q7A3	0.4411891574786613
3	4DNFIT64Q7A3	PCa14121	0.4411891574786613
3	PCa14121	4DNFINSKEZND	0.455620486139143
3	4DNFINSKEZND	PCa14121	0.455620486139143
3	PCa14121	4DNFIIV4M7TF	0.4678176914896125
3	4DNFIIV4M7TF	PCa14121	0.4678176914896125
3	PCa14121	4DNFIXVAKX9Q	0.4560180705726771
3	4DNFIXVAKX9Q	PCa14121	0.4560180705726771
3	PCa19121	PCa3023	0.35975823101177146
3	PCa3023	PCa19121	0.35975823101177146
3	PCa19121	PCa33173	0.36042580223403387
3	PCa33173	PCa19121	0.36042580223403387
3	PCa19121	PCa40507	0.3916446897850818
3	PCa40507	PCa19121	0.3916446897850818
3	PCa19121	PCa51852	0.4093634575390963
3	PCa51852	PCa19121	0.4093634575390963
3	PCa19121	PCa53687	0.3957654894231176
3	PCa53687	PCa19121	0.3957654894231176
3	PCa19121	PCa56413	0.36639324566866555
3	PCa56413	PCa19121	0.36639324566866555
3	PCa19121	PCa57294	0.38132075615294286
3	PCa57294	PCa19121	0.38132075615294286
3	PCa19121	PCa58215	0.3617542914977037
3	PCa58215	PCa19121	0.3617542914977037
3	PCa19121	Benign-Prostate-1648133	0.3682520565563936
3	Benign-Prostate-1648133	PCa19121	0.3682520565563936
3	PCa19121	Benign-Prostate-1595983	0.36331035485030866
3	Benign-Prostate-1595983	PCa19121	0.36331035485030866
3	PCa19121	Benign-Prostate-1664855	0.35915266341700575
3	Benign-Prostate-1664855	PCa19121	0.35915266341700575
3	PCa19121	Benign-Prostate-3320942	0.36367835352586964
3	Benign-Prostate-3320942	PCa19121	0.36367835352586964
3	PCa19121	Benign-Prostate-3330581	0.3599311950702049
3	Benign-Prostate-3330581	PCa19121	0.3599311950702049
3	PCa19121	SRR7702334	0.3875396323740167
3	SRR7702334	PCa19121	0.3875396323740167
3	PCa19121	SRR7702335	0.386375838336773
3	SRR7702335	PCa19121	0.386375838336773
3	PCa19121	SRR8446383	0.40469547276376333
3	SRR8446383	PCa19121	0.40469547276376333
3	PCa19121	SRR8446384	0.3969678254508939
3	SRR8446384	PCa19121	0.3969678254508939
3	PCa19121	SRR8446385	0.39203001777312857
3	SRR8446385	PCa19121	0.39203001777312857
3	PCa19121	SRR8446386	0.3956106181681674
3	SRR8446386	PCa19121	0.3956106181681674
3	PCa19121	SRR8446387	0.3938168181472919
3	SRR8446387	PCa19121	0.3938168181472919
3	PCa19121	4DNFI6HDY7WZ	0.41374615502212325
3	4DNFI6HDY7WZ	PCa19121	0.41374615502212325
3	PCa19121	4DNFITH978XV	0.43771460822354663
3	4DNFITH978XV	PCa19121	0.43771460822354663
3	PCa19121	4DNFIT64Q7A3	0.409699296958715
3	4DNFIT64Q7A3	PCa19121	0.409699296958715
3	PCa19121	4DNFINSKEZND	0.43706958827843706
3	4DNFINSKEZND	PCa19121	0.43706958827843706
3	PCa19121	4DNFIIV4M7TF	0.445131565599088
3	4DNFIIV4M7TF	PCa19121	0.445131565599088
3	PCa19121	4DNFIXVAKX9Q	0.4410582662156975
3	4DNFIXVAKX9Q	PCa19121	0.4410582662156975
3	PCa3023	PCa33173	0.343123904881592
3	PCa33173	PCa3023	0.343123904881592
3	PCa3023	PCa40507	0.38124969341231413
3	PCa40507	PCa3023	0.38124969341231413
3	PCa3023	PCa51852	0.4132022206371122
3	PCa51852	PCa3023	0.4132022206371122
3	PCa3023	PCa53687	0.3954892329734508
3	PCa53687	PCa3023	0.3954892329734508
3	PCa3023	PCa56413	0.3475832575876407
3	PCa56413	PCa3023	0.3475832575876407
3	PCa3023	PCa57294	0.37973667919774273
3	PCa57294	PCa3023	0.37973667919774273
3	PCa3023	PCa58215	0.3470747019694493
3	PCa58215	PCa3023	0.3470747019694493
3	PCa3023	Benign-Prostate-1648133	0.34859219966970245
3	Benign-Prostate-1648133	PCa3023	0.34859219966970245
3	PCa3023	Benign-Prostate-1595983	0.3404688248295701
3	Benign-Prostate-1595983	PCa3023	0.3404688248295701
3	PCa3023	Benign-Prostate-1664855	0.34484287285475246
3	Benign-Prostate-1664855	PCa3023	0.34484287285475246
3	PCa3023	Benign-Prostate-3320942	0.3407345809815177
3	Benign-Prostate-3320942	PCa3023	0.3407345809815177
3	PCa3023	Benign-Prostate-3330581	0.3483664421801484
3	Benign-Prostate-3330581	PCa3023	0.3483664421801484
3	PCa3023	SRR7702334	0.3613493321976636
3	SRR7702334	PCa3023	0.3613493321976636
3	PCa3023	SRR7702335	0.3611243313979941
3	SRR7702335	PCa3023	0.3611243313979941
3	PCa3023	SRR8446383	0.3799058746034162
3	SRR8446383	PCa3023	0.3799058746034162
3	PCa3023	SRR8446384	0.37190808027735894
3	SRR8446384	PCa3023	0.37190808027735894
3	PCa3023	SRR8446385	0.36807435842420294
3	SRR8446385	PCa3023	0.36807435842420294
3	PCa3023	SRR8446386	0.36563558469288115
3	SRR8446386	PCa3023	0.36563558469288115
3	PCa3023	SRR8446387	0.3712542102704927
3	SRR8446387	PCa3023	0.3712542102704927
3	PCa3023	4DNFI6HDY7WZ	0.3914849814878419
3	4DNFI6HDY7WZ	PCa3023	0.3914849814878419
3	PCa3023	4DNFITH978XV	0.41770601747632674
3	4DNFITH978XV	PCa3023	0.41770601747632674
3	PCa3023	4DNFIT64Q7A3	0.3874288942501743
3	4DNFIT64Q7A3	PCa3023	0.3874288942501743
3	PCa3023	4DNFINSKEZND	0.412735308590542
3	4DNFINSKEZND	PCa3023	0.412735308590542
3	PCa3023	4DNFIIV4M7TF	0.42720446333910594
3	4DNFIIV4M7TF	PCa3023	0.42720446333910594
3	PCa3023	4DNFIXVAKX9Q	0.4179086333778359
3	4DNFIXVAKX9Q	PCa3023	0.4179086333778359
3	PCa33173	PCa40507	0.3796338624099726
3	PCa40507	PCa33173	0.3796338624099726
3	PCa33173	PCa51852	0.40135301456450034
3	PCa51852	PCa33173	0.40135301456450034
3	PCa33173	PCa53687	0.38703081574819875
3	PCa53687	PCa33173	0.38703081574819875
3	PCa33173	PCa56413	0.35616843085234723
3	PCa56413	PCa33173	0.35616843085234723
3	PCa33173	PCa57294	0.369991023314623
3	PCa57294	PCa33173	0.369991023314623
3	PCa33173	PCa58215	0.3467498963194854
3	PCa58215	PCa33173	0.3467498963194854
3	PCa33173	Benign-Prostate-1648133	0.345468612413495
3	Benign-Prostate-1648133	PCa33173	0.345468612413495
3	PCa33173	Benign-Prostate-1595983	0.33817020402033476
3	Benign-Prostate-1595983	PCa33173	0.33817020402033476
3	PCa33173	Benign-Prostate-1664855	0.33241282491243523
3	Benign-Prostate-1664855	PCa33173	0.33241282491243523
3	PCa33173	Benign-Prostate-3320942	0.33913864038129143
3	Benign-Prostate-3320942	PCa33173	0.33913864038129143
3	PCa33173	Benign-Prostate-3330581	0.3362712518496048
3	Benign-Prostate-3330581	PCa33173	0.3362712518496048
3	PCa33173	SRR7702334	0.36610366206207834
3	SRR7702334	PCa33173	0.36610366206207834
3	PCa33173	SRR7702335	0.3652504718238915
3	SRR7702335	PCa33173	0.3652504718238915
3	PCa33173	SRR8446383	0.37635023160584186
3	SRR8446383	PCa33173	0.37635023160584186
3	PCa33173	SRR8446384	0.3668077518441135
3	SRR8446384	PCa33173	0.3668077518441135
3	PCa33173	SRR8446385	0.37743198062513394
3	SRR8446385	PCa33173	0.37743198062513394
3	PCa33173	SRR8446386	0.3740244362606642
3	SRR8446386	PCa33173	0.3740244362606642
3	PCa33173	SRR8446387	0.37782063439273217
3	SRR8446387	PCa33173	0.37782063439273217
3	PCa33173	4DNFI6HDY7WZ	0.3940874488991034
3	4DNFI6HDY7WZ	PCa33173	0.3940874488991034
3	PCa33173	4DNFITH978XV	0.4265455945209633
3	4DNFITH978XV	PCa33173	0.4265455945209633
3	PCa33173	4DNFIT64Q7A3	0.3927446071666659
3	4DNFIT64Q7A3	PCa33173	0.3927446071666659
3	PCa33173	4DNFINSKEZND	0.41092588941266756
3	4DNFINSKEZND	PCa33173	0.41092588941266756
3	PCa33173	4DNFIIV4M7TF	0.4212569803136812
3	4DNFIIV4M7TF	PCa33173	0.4212569803136812
3	PCa33173	4DNFIXVAKX9Q	0.41373326945108807
3	4DNFIXVAKX9Q	PCa33173	0.41373326945108807
3	PCa40507	PCa51852	0.4138785853526933
3	PCa51852	PCa40507	0.4138785853526933
3	PCa40507	PCa53687	0.41080778335912965
3	PCa53687	PCa40507	0.41080778335912965
3	PCa40507	PCa56413	0.38273608800088105
3	PCa56413	PCa40507	0.38273608800088105
3	PCa40507	PCa57294	0.3938258542675707
3	PCa57294	PCa40507	0.3938258542675707
3	PCa40507	PCa58215	0.387413913264641
3	PCa58215	PCa40507	0.387413913264641
3	PCa40507	Benign-Prostate-1648133	0.38539873890596227
3	Benign-Prostate-1648133	PCa40507	0.38539873890596227
3	PCa40507	Benign-Prostate-1595983	0.3865580982777696
3	Benign-Prostate-1595983	PCa40507	0.3865580982777696
3	PCa40507	Benign-Prostate-1664855	0.3736551071612751
3	Benign-Prostate-1664855	PCa40507	0.3736551071612751
3	PCa40507	Benign-Prostate-3320942	0.37990274240935207
3	Benign-Prostate-3320942	PCa40507	0.37990274240935207
3	PCa40507	Benign-Prostate-3330581	0.3846291534409285
3	Benign-Prostate-3330581	PCa40507	0.3846291534409285
3	PCa40507	SRR7702334	0.41370603988144716
3	SRR7702334	PCa40507	0.41370603988144716
3	PCa40507	SRR7702335	0.4136466006258544
3	SRR7702335	PCa40507	0.4136466006258544
3	PCa40507	SRR8446383	0.42700456919495955
3	SRR8446383	PCa40507	0.42700456919495955
3	PCa40507	SRR8446384	0.4167273389233399
3	SRR8446384	PCa40507	0.4167273389233399
3	PCa40507	SRR8446385	0.42936454357324744
3	SRR8446385	PCa40507	0.42936454357324744
3	PCa40507	SRR8446386	0.43023460362199684
3	SRR8446386	PCa40507	0.43023460362199684
3	PCa40507	SRR8446387	0.43138488736220465
3	SRR8446387	PCa40507	0.43138488736220465
3	PCa40507	4DNFI6HDY7WZ	0.4327760293964129
3	4DNFI6HDY7WZ	PCa40507	0.4327760293964129
3	PCa40507	4DNFITH978XV	0.4569804667006377
3	4DNFITH978XV	PCa40507	0.4569804667006377
3	PCa40507	4DNFIT64Q7A3	0.43260795168363536
3	4DNFIT64Q7A3	PCa40507	0.43260795168363536
3	PCa40507	4DNFINSKEZND	0.4540524226051176
3	4DNFINSKEZND	PCa40507	0.4540524226051176
3	PCa40507	4DNFIIV4M7TF	0.4594377019190994
3	4DNFIIV4M7TF	PCa40507	0.4594377019190994
3	PCa40507	4DNFIXVAKX9Q	0.45378146150392273
3	4DNFIXVAKX9Q	PCa40507	0.45378146150392273
3	PCa51852	PCa53687	0.4291811415471213
3	PCa53687	PCa51852	0.4291811415471213
3	PCa51852	PCa56413	0.4095255629400676
3	PCa56413	PCa51852	0.4095255629400676
3	PCa51852	PCa57294	0.4136581558274585
3	PCa57294	PCa51852	0.4136581558274585
3	PCa51852	PCa58215	0.41232457381604304
3	PCa58215	PCa51852	0.41232457381604304
3	PCa51852	Benign-Prostate-1648133	0.41529384389832663
3	Benign-Prostate-1648133	PCa51852	0.41529384389832663
3	PCa51852	Benign-Prostate-1595983	0.4057851812050495
3	Benign-Prostate-1595983	PCa51852	0.4057851812050495
3	PCa51852	Benign-Prostate-1664855	0.4083298607290014
3	Benign-Prostate-1664855	PCa51852	0.4083298607290014
3	PCa51852	Benign-Prostate-3320942	0.4157942721842992
3	Benign-Prostate-3320942	PCa51852	0.4157942721842992
3	PCa51852	Benign-Prostate-3330581	0.4159576781982206
3	Benign-Prostate-3330581	PCa51852	0.4159576781982206
3	PCa51852	SRR7702334	0.4488698773470093
3	SRR7702334	PCa51852	0.4488698773470093
3	PCa51852	SRR7702335	0.44710867762340417
3	SRR7702335	PCa51852	0.44710867762340417
3	PCa51852	SRR8446383	0.45763619881734224
3	SRR8446383	PCa51852	0.45763619881734224
3	PCa51852	SRR8446384	0.4511858006716143
3	SRR8446384	PCa51852	0.4511858006716143
3	PCa51852	SRR8446385	0.4596106958341581
3	SRR8446385	PCa51852	0.4596106958341581
3	PCa51852	SRR8446386	0.4578046800602781
3	SRR8446386	PCa51852	0.4578046800602781
3	PCa51852	SRR8446387	0.4624554209623648
3	SRR8446387	PCa51852	0.4624554209623648
3	PCa51852	4DNFI6HDY7WZ	0.46294295171135413
3	4DNFI6HDY7WZ	PCa51852	0.46294295171135413
3	PCa51852	4DNFITH978XV	0.48928694906094927
3	4DNFITH978XV	PCa51852	0.48928694906094927
3	PCa51852	4DNFIT64Q7A3	0.46513754487164083
3	4DNFIT64Q7A3	PCa51852	0.46513754487164083
3	PCa51852	4DNFINSKEZND	0.48036900786633796
3	4DNFINSKEZND	PCa51852	0.48036900786633796
3	PCa51852	4DNFIIV4M7TF	0.48553364843664487
3	4DNFIIV4M7TF	PCa51852	0.48553364843664487
3	PCa51852	4DNFIXVAKX9Q	0.4824326051679819
3	4DNFIXVAKX9Q	PCa51852	0.4824326051679819
3	PCa53687	PCa56413	0.3982158632798409
3	PCa56413	PCa53687	0.3982158632798409
3	PCa53687	PCa57294	0.3907672927751401
3	PCa57294	PCa53687	0.3907672927751401
3	PCa53687	PCa58215	0.3852546930195123
3	PCa58215	PCa53687	0.3852546930195123
3	PCa53687	Benign-Prostate-1648133	0.40632000095546994
3	Benign-Prostate-1648133	PCa53687	0.40632000095546994
3	PCa53687	Benign-Prostate-1595983	0.39855868651879806
3	Benign-Prostate-1595983	PCa53687	0.39855868651879806
3	PCa53687	Benign-Prostate-1664855	0.38703910399769464
3	Benign-Prostate-1664855	PCa53687	0.38703910399769464
3	PCa53687	Benign-Prostate-3320942	0.39712467098656185
3	Benign-Prostate-3320942	PCa53687	0.39712467098656185
3	PCa53687	Benign-Prostate-3330581	0.39144726058393725
3	Benign-Prostate-3330581	PCa53687	0.39144726058393725
3	PCa53687	SRR7702334	0.4215987077176928
3	SRR7702334	PCa53687	0.4215987077176928
3	PCa53687	SRR7702335	0.41732534049924713
3	SRR7702335	PCa53687	0.41732534049924713
3	PCa53687	SRR8446383	0.4425994363043201
3	SRR8446383	PCa53687	0.4425994363043201
3	PCa53687	SRR8446384	0.43004176108290554
3	SRR8446384	PCa53687	0.43004176108290554
3	PCa53687	SRR8446385	0.43160835366596634
3	SRR8446385	PCa53687	0.43160835366596634
3	PCa53687	SRR8446386	0.4319679192631824
3	SRR8446386	PCa53687	0.4319679192631824
3	PCa53687	SRR8446387	0.4346706197703506
3	SRR8446387	PCa53687	0.4346706197703506
3	PCa53687	4DNFI6HDY7WZ	0.4419592831452494
3	4DNFI6HDY7WZ	PCa53687	0.4419592831452494
3	PCa53687	4DNFITH978XV	0.4655313268982263
3	4DNFITH978XV	PCa53687	0.4655313268982263
3	PCa53687	4DNFIT64Q7A3	0.442898005551958
3	4DNFIT64Q7A3	PCa53687	0.442898005551958
3	PCa53687	4DNFINSKEZND	0.4672241873174662
3	4DNFINSKEZND	PCa53687	0.4672241873174662
3	PCa53687	4DNFIIV4M7TF	0.4723350398766414
3	4DNFIIV4M7TF	PCa53687	0.4723350398766414
3	PCa53687	4DNFIXVAKX9Q	0.46913776915222033
3	4DNFIXVAKX9Q	PCa53687	0.46913776915222033
3	PCa56413	PCa57294	0.38415506992568066
3	PCa57294	PCa56413	0.38415506992568066
3	PCa56413	PCa58215	0.3581464086220979
3	PCa58215	PCa56413	0.3581464086220979
3	PCa56413	Benign-Prostate-1648133	0.362671908228878
3	Benign-Prostate-1648133	PCa56413	0.362671908228878
3	PCa56413	Benign-Prostate-1595983	0.35608921775373403
3	Benign-Prostate-1595983	PCa56413	0.35608921775373403
3	PCa56413	Benign-Prostate-1664855	0.3473150505811806
3	Benign-Prostate-1664855	PCa56413	0.3473150505811806
3	PCa56413	Benign-Prostate-3320942	0.3554210343627224
3	Benign-Prostate-3320942	PCa56413	0.3554210343627224
3	PCa56413	Benign-Prostate-3330581	0.3564569920774973
3	Benign-Prostate-3330581	PCa56413	0.3564569920774973
3	PCa56413	SRR7702334	0.3741350491656229
3	SRR7702334	PCa56413	0.3741350491656229
3	PCa56413	SRR7702335	0.37400568186140964
3	SRR7702335	PCa56413	0.37400568186140964
3	PCa56413	SRR8446383	0.38814734640697657
3	SRR8446383	PCa56413	0.38814734640697657
3	PCa56413	SRR8446384	0.3791398349675329
3	SRR8446384	PCa56413	0.3791398349675329
3	PCa56413	SRR8446385	0.37797120457155386
3	SRR8446385	PCa56413	0.37797120457155386
3	PCa56413	SRR8446386	0.37723730387316956
3	SRR8446386	PCa56413	0.37723730387316956
3	PCa56413	SRR8446387	0.3841262367927082
3	SRR8446387	PCa56413	0.3841262367927082
3	PCa56413	4DNFI6HDY7WZ	0.3962148940985965
3	4DNFI6HDY7WZ	PCa56413	0.3962148940985965
3	PCa56413	4DNFITH978XV	0.4225337314645269
3	4DNFITH978XV	PCa56413	0.4225337314645269
3	PCa56413	4DNFIT64Q7A3	0.3994677240882152
3	4DNFIT64Q7A3	PCa56413	0.3994677240882152
3	PCa56413	4DNFINSKEZND	0.4208947342001567
3	4DNFINSKEZND	PCa56413	0.4208947342001567
3	PCa56413	4DNFIIV4M7TF	0.4374553664235887
3	4DNFIIV4M7TF	PCa56413	0.4374553664235887
3	PCa56413	4DNFIXVAKX9Q	0.426632240013563
3	4DNFIXVAKX9Q	PCa56413	0.426632240013563
3	PCa57294	PCa58215	0.37008524720020597
3	PCa58215	PCa57294	0.37008524720020597
3	PCa57294	Benign-Prostate-1648133	0.38563434486451353
3	Benign-Prostate-1648133	PCa57294	0.38563434486451353
3	PCa57294	Benign-Prostate-1595983	0.3805159419014662
3	Benign-Prostate-1595983	PCa57294	0.3805159419014662
3	PCa57294	Benign-Prostate-1664855	0.3700337804942917
3	Benign-Prostate-1664855	PCa57294	0.3700337804942917
3	PCa57294	Benign-Prostate-3320942	0.378340109920048
3	Benign-Prostate-3320942	PCa57294	0.378340109920048
3	PCa57294	Benign-Prostate-3330581	0.3767924434017154
3	Benign-Prostate-3330581	PCa57294	0.3767924434017154
3	PCa57294	SRR7702334	0.40902014250263563
3	SRR7702334	PCa57294	0.40902014250263563
3	PCa57294	SRR7702335	0.4068155588497182
3	SRR7702335	PCa57294	0.4068155588497182
3	PCa57294	SRR8446383	0.4272733219472269
3	SRR8446383	PCa57294	0.4272733219472269
3	PCa57294	SRR8446384	0.4139029404651937
3	SRR8446384	PCa57294	0.4139029404651937
3	PCa57294	SRR8446385	0.4208521371619247
3	SRR8446385	PCa57294	0.4208521371619247
3	PCa57294	SRR8446386	0.4167333595732513
3	SRR8446386	PCa57294	0.4167333595732513
3	PCa57294	SRR8446387	0.41830352628865813
3	SRR8446387	PCa57294	0.41830352628865813
3	PCa57294	4DNFI6HDY7WZ	0.42943899773781513
3	4DNFI6HDY7WZ	PCa57294	0.42943899773781513
3	PCa57294	4DNFITH978XV	0.4556609948114122
3	4DNFITH978XV	PCa57294	0.4556609948114122
3	PCa57294	4DNFIT64Q7A3	0.43214196599552984
3	4DNFIT64Q7A3	PCa57294	0.43214196599552984
3	PCa57294	4DNFINSKEZND	0.4507165504233876
3	4DNFINSKEZND	PCa57294	0.4507165504233876
3	PCa57294	4DNFIIV4M7TF	0.46143377495723487
3	4DNFIIV4M7TF	PCa57294	0.46143377495723487
3	PCa57294	4DNFIXVAKX9Q	0.4620216487070772
3	4DNFIXVAKX9Q	PCa57294	0.4620216487070772
3	PCa58215	Benign-Prostate-1648133	0.35626868397760775
3	Benign-Prostate-1648133	PCa58215	0.35626868397760775
3	PCa58215	Benign-Prostate-1595983	0.35095134574275033
3	Benign-Prostate-1595983	PCa58215	0.35095134574275033
3	PCa58215	Benign-Prostate-1664855	0.3422513799450902
3	Benign-Prostate-1664855	PCa58215	0.3422513799450902
3	PCa58215	Benign-Prostate-3320942	0.3480838095098651
3	Benign-Prostate-3320942	PCa58215	0.3480838095098651
3	PCa58215	Benign-Prostate-3330581	0.3409718564238736
3	Benign-Prostate-3330581	PCa58215	0.3409718564238736
3	PCa58215	SRR7702334	0.3651384419642963
3	SRR7702334	PCa58215	0.3651384419642963
3	PCa58215	SRR7702335	0.36007260130496077
3	SRR7702335	PCa58215	0.36007260130496077
3	PCa58215	SRR8446383	0.382566474057781
3	SRR8446383	PCa58215	0.382566474057781
3	PCa58215	SRR8446384	0.3698593755757942
3	SRR8446384	PCa58215	0.3698593755757942
3	PCa58215	SRR8446385	0.3712810368129764
3	SRR8446385	PCa58215	0.3712810368129764
3	PCa58215	SRR8446386	0.3712339933875783
3	SRR8446386	PCa58215	0.3712339933875783
3	PCa58215	SRR8446387	0.3733013047830502
3	SRR8446387	PCa58215	0.3733013047830502
3	PCa58215	4DNFI6HDY7WZ	0.39308414014288123
3	4DNFI6HDY7WZ	PCa58215	0.39308414014288123
3	PCa58215	4DNFITH978XV	0.42147571830616004
3	4DNFITH978XV	PCa58215	0.42147571830616004
3	PCa58215	4DNFIT64Q7A3	0.38918861374570624
3	4DNFIT64Q7A3	PCa58215	0.38918861374570624
3	PCa58215	4DNFINSKEZND	0.41990885484106105
3	4DNFINSKEZND	PCa58215	0.41990885484106105
3	PCa58215	4DNFIIV4M7TF	0.4307877369433863
3	4DNFIIV4M7TF	PCa58215	0.4307877369433863
3	PCa58215	4DNFIXVAKX9Q	0.4227562811868039
3	4DNFIXVAKX9Q	PCa58215	0.4227562811868039
3	Benign-Prostate-1648133	Benign-Prostate-1595983	0.3421209269906386
3	Benign-Prostate-1595983	Benign-Prostate-1648133	0.3421209269906386
3	Benign-Prostate-1648133	Benign-Prostate-1664855	0.33160021440899107
3	Benign-Prostate-1664855	Benign-Prostate-1648133	0.33160021440899107
3	Benign-Prostate-1648133	Benign-Prostate-3320942	0.3392092469580257
3	Benign-Prostate-3320942	Benign-Prostate-1648133	0.3392092469580257
3	Benign-Prostate-1648133	Benign-Prostate-3330581	0.3382604747354949
3	Benign-Prostate-3330581	Benign-Prostate-1648133	0.3382604747354949
3	Benign-Prostate-1648133	SRR7702334	0.37485171259615413
3	SRR7702334	Benign-Prostate-1648133	0.37485171259615413
3	Benign-Prostate-1648133	SRR7702335	0.3751208615759425
3	SRR7702335	Benign-Prostate-1648133	0.3751208615759425
3	Benign-Prostate-1648133	SRR8446383	0.38202068548207974
3	SRR8446383	Benign-Prostate-1648133	0.38202068548207974
3	Benign-Prostate-1648133	SRR8446384	0.37452162830662644
3	SRR8446384	Benign-Prostate-1648133	0.37452162830662644
3	Benign-Prostate-1648133	SRR8446385	0.37436530225786563
3	SRR8446385	Benign-Prostate-1648133	0.37436530225786563
3	Benign-Prostate-1648133	SRR8446386	0.3763422511945389
3	SRR8446386	Benign-Prostate-1648133	0.3763422511945389
3	Benign-Prostate-1648133	SRR8446387	0.3838368165652936
3	SRR8446387	Benign-Prostate-1648133	0.3838368165652936
3	Benign-Prostate-1648133	4DNFI6HDY7WZ	0.39075412759599937
3	4DNFI6HDY7WZ	Benign-Prostate-1648133	0.39075412759599937
3	Benign-Prostate-1648133	4DNFITH978XV	0.4198874028984211
3	4DNFITH978XV	Benign-Prostate-1648133	0.4198874028984211
3	Benign-Prostate-1648133	4DNFIT64Q7A3	0.388258495957309
3	4DNFIT64Q7A3	Benign-Prostate-1648133	0.388258495957309
3	Benign-Prostate-1648133	4DNFINSKEZND	0.4098743860649999
3	4DNFINSKEZND	Benign-Prostate-1648133	0.4098743860649999
3	Benign-Prostate-1648133	4DNFIIV4M7TF	0.42354405355088165
3	4DNFIIV4M7TF	Benign-Prostate-1648133	0.42354405355088165
3	Benign-Prostate-1648133	4DNFIXVAKX9Q	0.418581480875729
3	4DNFIXVAKX9Q	Benign-Prostate-1648133	0.418581480875729
3	Benign-Prostate-1595983	Benign-Prostate-1664855	0.32620795077848624
3	Benign-Prostate-1664855	Benign-Prostate-1595983	0.32620795077848624
3	Benign-Prostate-1595983	Benign-Prostate-3320942	0.332446651071068
3	Benign-Prostate-3320942	Benign-Prostate-1595983	0.332446651071068
3	Benign-Prostate-1595983	Benign-Prostate-3330581	0.33129456740434804
3	Benign-Prostate-3330581	Benign-Prostate-1595983	0.33129456740434804
3	Benign-Prostate-1595983	SRR7702334	0.35756052700010205
3	SRR7702334	Benign-Prostate-1595983	0.35756052700010205
3	Benign-Prostate-1595983	SRR7702335	0.3559391609727448
3	SRR7702335	Benign-Prostate-1595983	0.3559391609727448
3	Benign-Prostate-1595983	SRR8446383	0.3686993338653089
3	SRR8446383	Benign-Prostate-1595983	0.3686993338653089
3	Benign-Prostate-1595983	SRR8446384	0.3599088038080174
3	SRR8446384	Benign-Prostate-1595983	0.3599088038080174
3	Benign-Prostate-1595983	SRR8446385	0.3621280850190726
3	SRR8446385	Benign-Prostate-1595983	0.3621280850190726
3	Benign-Prostate-1595983	SRR8446386	0.3658542807129417
3	SRR8446386	Benign-Prostate-1595983	0.3658542807129417
3	Benign-Prostate-1595983	SRR8446387	0.36403093750850796
3	SRR8446387	Benign-Prostate-1595983	0.36403093750850796
3	Benign-Prostate-1595983	4DNFI6HDY7WZ	0.38626500012669407
3	4DNFI6HDY7WZ	Benign-Prostate-1595983	0.38626500012669407
3	Benign-Prostate-1595983	4DNFITH978XV	0.41047718095022806
3	4DNFITH978XV	Benign-Prostate-1595983	0.41047718095022806
3	Benign-Prostate-1595983	4DNFIT64Q7A3	0.3806428470432083
3	4DNFIT64Q7A3	Benign-Prostate-1595983	0.3806428470432083
3	Benign-Prostate-1595983	4DNFINSKEZND	0.39798998567864347
3	4DNFINSKEZND	Benign-Prostate-1595983	0.39798998567864347
3	Benign-Prostate-1595983	4DNFIIV4M7TF	0.42086440777203155
3	4DNFIIV4M7TF	Benign-Prostate-1595983	0.42086440777203155
3	Benign-Prostate-1595983	4DNFIXVAKX9Q	0.41229270768542103
3	4DNFIXVAKX9Q	Benign-Prostate-1595983	0.41229270768542103
3	Benign-Prostate-1664855	Benign-Prostate-3320942	0.3245094888240683
3	Benign-Prostate-3320942	Benign-Prostate-1664855	0.3245094888240683
3	Benign-Prostate-1664855	Benign-Prostate-3330581	0.320092905790074
3	Benign-Prostate-3330581	Benign-Prostate-1664855	0.320092905790074
3	Benign-Prostate-1664855	SRR7702334	0.36034897396404214
3	SRR7702334	Benign-Prostate-1664855	0.36034897396404214
3	Benign-Prostate-1664855	SRR7702335	0.3550375340289116
3	SRR7702335	Benign-Prostate-1664855	0.3550375340289116
3	Benign-Prostate-1664855	SRR8446383	0.370976388784913
3	SRR8446383	Benign-Prostate-1664855	0.370976388784913
3	Benign-Prostate-1664855	SRR8446384	0.3612858431391034
3	SRR8446384	Benign-Prostate-1664855	0.3612858431391034
3	Benign-Prostate-1664855	SRR8446385	0.3618132396297628
3	SRR8446385	Benign-Prostate-1664855	0.3618132396297628
3	Benign-Prostate-1664855	SRR8446386	0.36475477793306
3	SRR8446386	Benign-Prostate-1664855	0.36475477793306
3	Benign-Prostate-1664855	SRR8446387	0.36856143575343164
3	SRR8446387	Benign-Prostate-1664855	0.36856143575343164
3	Benign-Prostate-1664855	4DNFI6HDY7WZ	0.378491662600042
3	4DNFI6HDY7WZ	Benign-Prostate-1664855	0.378491662600042
3	Benign-Prostate-1664855	4DNFITH978XV	0.409231251205239
3	4DNFITH978XV	Benign-Prostate-1664855	0.409231251205239
3	Benign-Prostate-1664855	4DNFIT64Q7A3	0.379451240086006
3	4DNFIT64Q7A3	Benign-Prostate-1664855	0.379451240086006
3	Benign-Prostate-1664855	4DNFINSKEZND	0.3998030948361804
3	4DNFINSKEZND	Benign-Prostate-1664855	0.3998030948361804
3	Benign-Prostate-1664855	4DNFIIV4M7TF	0.41640538610829786
3	4DNFIIV4M7TF	Benign-Prostate-1664855	0.41640538610829786
3	Benign-Prostate-1664855	4DNFIXVAKX9Q	0.4073755646693647
3	4DNFIXVAKX9Q	Benign-Prostate-1664855	0.4073755646693647
3	Benign-Prostate-3320942	Benign-Prostate-3330581	0.32892770842657104
3	Benign-Prostate-3330581	Benign-Prostate-3320942	0.32892770842657104
3	Benign-Prostate-3320942	SRR7702334	0.3613159264396243
3	SRR7702334	Benign-Prostate-3320942	0.3613159264396243
3	Benign-Prostate-3320942	SRR7702335	0.359059591534451
3	SRR7702335	Benign-Prostate-3320942	0.359059591534451
3	Benign-Prostate-3320942	SRR8446383	0.37458019697915845
3	SRR8446383	Benign-Prostate-3320942	0.37458019697915845
3	Benign-Prostate-3320942	SRR8446384	0.3621726722824093
3	SRR8446384	Benign-Prostate-3320942	0.3621726722824093
3	Benign-Prostate-3320942	SRR8446385	0.36522938426086277
3	SRR8446385	Benign-Prostate-3320942	0.36522938426086277
3	Benign-Prostate-3320942	SRR8446386	0.36823826605361504
3	SRR8446386	Benign-Prostate-3320942	0.36823826605361504
3	Benign-Prostate-3320942	SRR8446387	0.3715060785807695
3	SRR8446387	Benign-Prostate-3320942	0.3715060785807695
3	Benign-Prostate-3320942	4DNFI6HDY7WZ	0.38593791706875785
3	4DNFI6HDY7WZ	Benign-Prostate-3320942	0.38593791706875785
3	Benign-Prostate-3320942	4DNFITH978XV	0.41412749070749
3	4DNFITH978XV	Benign-Prostate-3320942	0.41412749070749
3	Benign-Prostate-3320942	4DNFIT64Q7A3	0.38355661461342877
3	4DNFIT64Q7A3	Benign-Prostate-3320942	0.38355661461342877
3	Benign-Prostate-3320942	4DNFINSKEZND	0.4037204416203123
3	4DNFINSKEZND	Benign-Prostate-3320942	0.4037204416203123
3	Benign-Prostate-3320942	4DNFIIV4M7TF	0.4155846483828897
3	4DNFIIV4M7TF	Benign-Prostate-3320942	0.4155846483828897
3	Benign-Prostate-3320942	4DNFIXVAKX9Q	0.40833395728344657
3	4DNFIXVAKX9Q	Benign-Prostate-3320942	0.40833395728344657
3	Benign-Prostate-3330581	SRR7702334	0.3498892506601128
3	SRR7702334	Benign-Prostate-3330581	0.3498892506601128
3	Benign-Prostate-3330581	SRR7702335	0.349013583118719
3	SRR7702335	Benign-Prostate-3330581	0.349013583118719
3	Benign-Prostate-3330581	SRR8446383	0.3627326281836483
3	SRR8446383	Benign-Prostate-3330581	0.3627326281836483
3	Benign-Prostate-3330581	SRR8446384	0.347348998325042
3	SRR8446384	Benign-Prostate-3330581	0.347348998325042
3	Benign-Prostate-3330581	SRR8446385	0.3561944794168198
3	SRR8446385	Benign-Prostate-3330581	0.3561944794168198
3	Benign-Prostate-3330581	SRR8446386	0.36005356138284056
3	SRR8446386	Benign-Prostate-3330581	0.36005356138284056
3	Benign-Prostate-3330581	SRR8446387	0.35709081464265696
3	SRR8446387	Benign-Prostate-3330581	0.35709081464265696
3	Benign-Prostate-3330581	4DNFI6HDY7WZ	0.38539089927383013
3	4DNFI6HDY7WZ	Benign-Prostate-3330581	0.38539089927383013
3	Benign-Prostate-3330581	4DNFITH978XV	0.41691857853954556
3	4DNFITH978XV	Benign-Prostate-3330581	0.41691857853954556
3	Benign-Prostate-3330581	4DNFIT64Q7A3	0.3792146617714136
3	4DNFIT64Q7A3	Benign-Prostate-3330581	0.3792146617714136
3	Benign-Prostate-3330581	4DNFINSKEZND	0.40335497530362613
3	4DNFINSKEZND	Benign-Prostate-3330581	0.40335497530362613
3	Benign-Prostate-3330581	4DNFIIV4M7TF	0.41151511942093266
3	4DNFIIV4M7TF	Benign-Prostate-3330581	0.41151511942093266
3	Benign-Prostate-3330581	4DNFIXVAKX9Q	0.40494918692645837
3	4DNFIXVAKX9Q	Benign-Prostate-3330581	0.40494918692645837
3	SRR7702334	SRR7702335	0.20822767965417557
3	SRR7702335	SRR7702334	0.20822767965417557
3	SRR7702334	SRR8446383	0.2962314468228142
3	SRR8446383	SRR7702334	0.2962314468228142
3	SRR7702334	SRR8446384	0.29377799643398067
3	SRR8446384	SRR7702334	0.29377799643398067
3	SRR7702334	SRR8446385	0.28540142501209687
3	SRR8446385	SRR7702334	0.28540142501209687
3	SRR7702334	SRR8446386	0.2898027177206064
3	SRR8446386	SRR7702334	0.2898027177206064
3	SRR7702334	SRR8446387	0.2789546982988224
3	SRR8446387	SRR7702334	0.2789546982988224
3	SRR7702334	4DNFI6HDY7WZ	0.3509945623403781
3	4DNFI6HDY7WZ	SRR7702334	0.3509945623403781
3	SRR7702334	4DNFITH978XV	0.37341426132050626
3	4DNFITH978XV	SRR7702334	0.37341426132050626
3	SRR7702334	4DNFIT64Q7A3	0.33646579594941695
3	4DNFIT64Q7A3	SRR7702334	0.33646579594941695
3	SRR7702334	4DNFINSKEZND	0.3495405305617222
3	4DNFINSKEZND	SRR7702334	0.3495405305617222
3	SRR7702334	4DNFIIV4M7TF	0.3966113289590028
3	4DNFIIV4M7TF	SRR7702334	0.3966113289590028
3	SRR7702334	4DNFIXVAKX9Q	0.38321347287384794
3	4DNFIXVAKX9Q	SRR7702334	0.38321347287384794
3	SRR7702335	SRR8446383	0.2972052594465464
3	SRR8446383	SRR7702335	0.2972052594465464
3	SRR7702335	SRR8446384	0.2917682537028868
3	SRR8446384	SRR7702335	0.2917682537028868
3	SRR7702335	SRR8446385	0.28947324605262936
3	SRR8446385	SRR7702335	0.28947324605262936
3	SRR7702335	SRR8446386	0.2876997391502568
3	SRR8446386	SRR7702335	0.2876997391502568
3	SRR7702335	SRR8446387	0.28108392540289273
3	SRR8446387	SRR7702335	0.28108392540289273
3	SRR7702335	4DNFI6HDY7WZ	0.3494020628768494
3	4DNFI6HDY7WZ	SRR7702335	0.3494020628768494
3	SRR7702335	4DNFITH978XV	0.37584997970684597
3	4DNFITH978XV	SRR7702335	0.37584997970684597
3	SRR7702335	4DNFIT64Q7A3	0.33431805137588566
3	4DNFIT64Q7A3	SRR7702335	0.33431805137588566
3	SRR7702335	4DNFINSKEZND	0.34739735616881773
3	4DNFINSKEZND	SRR7702335	0.34739735616881773
3	SRR7702335	4DNFIIV4M7TF	0.39813125439834546
3	4DNFIIV4M7TF	SRR7702335	0.39813125439834546
3	SRR7702335	4DNFIXVAKX9Q	0.380565950759007
3	4DNFIXVAKX9Q	SRR7702335	0.380565950759007
3	SRR8446383	SRR8446384	0.21674344188350178
3	SRR8446384	SRR8446383	0.21674344188350178
3	SRR8446383	SRR8446385	0.30752497029980536
3	SRR8446385	SRR8446383	0.30752497029980536
3	SRR8446383	SRR8446386	0.31180855693017884
3	SRR8446386	SRR8446383	0.31180855693017884
3	SRR8446383	SRR8446387	0.30617570505446057
3	SRR8446387	SRR8446383	0.30617570505446057
3	SRR8446383	4DNFI6HDY7WZ	0.3493907234998394
3	4DNFI6HDY7WZ	SRR8446383	0.3493907234998394
3	SRR8446383	4DNFITH978XV	0.3704802664286199
3	4DNFITH978XV	SRR8446383	0.3704802664286199
3	SRR8446383	4DNFIT64Q7A3	0.3462366568995979
3	4DNFIT64Q7A3	SRR8446383	0.3462366568995979
3	SRR8446383	4DNFINSKEZND	0.3463563434905442
3	4DNFINSKEZND	SRR8446383	0.3463563434905442
3	SRR8446383	4DNFIIV4M7TF	0.39669601624533607
3	4DNFIIV4M7TF	SRR8446383	0.39669601624533607
3	SRR8446383	4DNFIXVAKX9Q	0.3743036667547024
3	4DNFIXVAKX9Q	SRR8446383	0.3743036667547024
3	SRR8446384	SRR8446385	0.31170310016028585
3	SRR8446385	SRR8446384	0.31170310016028585
3	SRR8446384	SRR8446386	0.3134697240503166
3	SRR8446386	SRR8446384	0.3134697240503166
3	SRR8446384	SRR8446387	0.3056794359608692
3	SRR8446387	SRR8446384	0.3056794359608692
3	SRR8446384	4DNFI6HDY7WZ	0.35481047859127346
3	4DNFI6HDY7WZ	SRR8446384	0.35481047859127346
3	SRR8446384	4DNFITH978XV	0.37890773035422987
3	4DNFITH978XV	SRR8446384	0.37890773035422987
3	SRR8446384	4DNFIT64Q7A3	0.34684591556198013
3	4DNFIT64Q7A3	SRR8446384	0.34684591556198013
3	SRR8446384	4DNFINSKEZND	0.35334053991273684
3	4DNFINSKEZND	SRR8446384	0.35334053991273684
3	SRR8446384	4DNFIIV4M7TF	0.39754179640824283
3	4DNFIIV4M7TF	SRR8446384	0.39754179640824283
3	SRR8446384	4DNFIXVAKX9Q	0.37905459034378686
3	4DNFIXVAKX9Q	SRR8446384	0.37905459034378686
3	SRR8446385	SRR8446386	0.219313612995049
3	SRR8446386	SRR8446385	0.219313612995049
3	SRR8446385	SRR8446387	0.23402814473047018
3	SRR8446387	SRR8446385	0.23402814473047018
3	SRR8446385	4DNFI6HDY7WZ	0.347158872360973
3	4DNFI6HDY7WZ	SRR8446385	0.347158872360973
3	SRR8446385	4DNFITH978XV	0.37054225610203745
3	4DNFITH978XV	SRR8446385	0.37054225610203745
3	SRR8446385	4DNFIT64Q7A3	0.34605602962248816
3	4DNFIT64Q7A3	SRR8446385	0.34605602962248816
3	SRR8446385	4DNFINSKEZND	0.3622257653039239
3	4DNFINSKEZND	SRR8446385	0.3622257653039239
3	SRR8446385	4DNFIIV4M7TF	0.4123429869704838
3	4DNFIIV4M7TF	SRR8446385	0.4123429869704838
3	SRR8446385	4DNFIXVAKX9Q	0.3905803818752316
3	4DNFIXVAKX9Q	SRR8446385	0.3905803818752316
3	SRR8446386	SRR8446387	0.23179617930768637
3	SRR8446387	SRR8446386	0.23179617930768637
3	SRR8446386	4DNFI6HDY7WZ	0.3541320774217047
3	4DNFI6HDY7WZ	SRR8446386	0.3541320774217047
3	SRR8446386	4DNFITH978XV	0.3751975003792749
3	4DNFITH978XV	SRR8446386	0.3751975003792749
3	SRR8446386	4DNFIT64Q7A3	0.3456787194607487
3	4DNFIT64Q7A3	SRR8446386	0.3456787194607487
3	SRR8446386	4DNFINSKEZND	0.36506516740303024
3	4DNFINSKEZND	SRR8446386	0.36506516740303024
3	SRR8446386	4DNFIIV4M7TF	0.41252728354702534
3	4DNFIIV4M7TF	SRR8446386	0.41252728354702534
3	SRR8446386	4DNFIXVAKX9Q	0.3980922733488347
3	4DNFIXVAKX9Q	SRR8446386	0.3980922733488347
3	SRR8446387	4DNFI6HDY7WZ	0.36247913614136923
3	4DNFI6HDY7WZ	SRR8446387	0.36247913614136923
3	SRR8446387	4DNFITH978XV	0.3794864182607183
3	4DNFITH978XV	SRR8446387	0.3794864182607183
3	SRR8446387	4DNFIT64Q7A3	0.35489735618205165
3	4DNFIT64Q7A3	SRR8446387	0.35489735618205165
3	SRR8446387	4DNFINSKEZND	0.36834232278374507
3	4DNFINSKEZND	SRR8446387	0.36834232278374507
3	SRR8446387	4DNFIIV4M7TF	0.4152417973598255
3	4DNFIIV4M7TF	SRR8446387	0.4152417973598255
3	SRR8446387	4DNFIXVAKX9Q	0.39532978004860747
3	4DNFIXVAKX9Q	SRR8446387	0.39532978004860747
3	4DNFI6HDY7WZ	4DNFITH978XV	0.33407253242871676
3	4DNFITH978XV	4DNFI6HDY7WZ	0.33407253242871676
3	4DNFI6HDY7WZ	4DNFIT64Q7A3	0.348595270013963
3	4DNFIT64Q7A3	4DNFI6HDY7WZ	0.348595270013963
3	4DNFI6HDY7WZ	4DNFINSKEZND	0.3661874222767166
3	4DNFINSKEZND	4DNFI6HDY7WZ	0.3661874222767166
3	4DNFI6HDY7WZ	4DNFIIV4M7TF	0.41207117371947266
3	4DNFIIV4M7TF	4DNFI6HDY7WZ	0.41207117371947266
3	4DNFI6HDY7WZ	4DNFIXVAKX9Q	0.38974333037123693
3	4DNFIXVAKX9Q	4DNFI6HDY7WZ	0.38974333037123693
3	4DNFITH978XV	4DNFIT64Q7A3	0.3631817877873258
3	4DNFIT64Q7A3	4DNFITH978XV	0.3631817877873258
3	4DNFITH978XV	4DNFINSKEZND	0.37013547182238776
3	4DNFINSKEZND	4DNFITH978XV	0.37013547182238776
