chr1	40000	880000	30	30	gap
chr1	880000	1040000	30	30	domain
chr1	1040000	1080000	30	30	gap
chr1	1080000	1440000	30	30	domain
chr1	1440000	1760000	30	30	gap
chr1	1760000	2280000	30	30	domain
chr1	2280000	2320000	30	30	gap
chr1	2320000	2640000	30	30	domain
chr1	2640000	2760000	30	30	gap
chr1	2760000	3560000	30	30	domain
chr1	3560000	3600000	30	30	gap
chr1	3600000	5480000	30	5	domain
chr1	5480000	6000000	5	30	boundary,domain
chr1	6000000	6240000	30	30	boundary,domain
chr1	6240000	6520000	30	28	boundary,domain
chr1	6520000	7800000	28	26	
chr1	7800000	7960000	26	30	
chr1	7960000	8360000	30	30	boundary,domain
chr1	8360000	8840000	30	29	boundary,domain
chr1	8840000	9120000	29	15	
chr1	9120000	9600000	15	22	
chr1	9600000	9880000	22	29	boundary,domain
chr1	9880000	10480000	29	30	
chr1	10480000	10640000	30	22	boundary,domain
chr1	10640000	11000000	22	25	boundary,domain
chr1	11000000	11280000	25	18	boundary,domain
chr1	11280000	11800000	18	17	
chr1	11800000	12080000	17	15	
chr1	12080000	12800000	15	30	
chr1	12800000	13360000	30	30	gap
chr1	13360000	14000000	30	13	domain
chr1	14000000	14880000	13	30	
chr1	14880000	15000000	30	30	gap
chr1	15000000	15160000	30	30	domain
chr1	15160000	15200000	30	30	gap
chr1	15200000	15360000	30	30	domain
chr1	15360000	15520000	30	30	gap
chr1	15520000	15720000	30	30	domain
chr1	15720000	16200000	30	30	gap
chr1	16200000	16400000	30	30	domain
chr1	16400000	17360000	30	30	gap
chr1	17360000	17520000	30	30	domain
chr1	17520000	17880000	30	30	gap
chr1	17880000	18120000	30	30	domain
chr1	18120000	18440000	30	30	gap
chr1	18440000	18600000	30	30	domain
chr1	18600000	19280000	30	30	gap
chr1	19280000	19960000	30	30	domain
chr1	19960000	20480000	30	30	gap
chr1	20480000	20680000	30	30	domain
chr1	20680000	20720000	30	30	gap
chr1	20720000	21400000	30	30	domain
chr1	21400000	21680000	30	30	gap
chr1	21680000	21840000	30	30	domain
chr1	21840000	22040000	30	30	gap
chr1	22040000	22240000	30	30	domain
chr1	22240000	22280000	30	30	gap
chr1	22280000	22480000	30	30	domain
chr1	22480000	22960000	30	30	gap
chr1	22960000	23800000	30	30	domain
chr1	23800000	23920000	30	30	gap
chr1	23920000	24080000	30	30	domain
chr1	24080000	24280000	30	30	gap
chr1	24280000	24880000	30	30	domain
chr1	24880000	25800000	30	30	gap
chr1	25800000	26320000	30	30	domain
chr1	26320000	26480000	30	30	gap
chr1	26480000	27320000	30	15	domain
chr1	27320000	27400000	15	20	
chr1	27400000	27680000	20	26	boundary,domain
chr1	27680000	27840000	26	29	boundary,domain
chr1	27840000	28000000	29	27	boundary,domain
chr1	28000000	28240000	27	30	boundary,domain
chr1	28240000	28640000	30	30	boundary,domain
chr1	28640000	28760000	30	25	
chr1	28760000	28880000	25	27	boundary,domain
chr1	28880000	29200000	27	30	boundary,domain
chr1	29200000	30720000	30	30	domain
chr1	30720000	30920000	30	30	boundary,domain
chr1	30920000	31440000	30	30	boundary,domain
chr1	31440000	31560000	30	2	boundary,domain
chr1	31560000	31640000	2	30	
chr1	31640000	31800000	30	22	boundary,domain
chr1	31800000	32080000	22	30	boundary,domain
chr1	32080000	32200000	30	26	boundary,domain
chr1	32200000	32360000	26	30	boundary,domain
chr1	32360000	32680000	30	20	boundary,domain
chr1	32680000	32880000	20	30	boundary,domain
chr1	32880000	33080000	30	30	boundary,domain
chr1	33080000	33480000	30	27	boundary,domain
chr1	33480000	33640000	27	30	boundary,domain
chr1	33640000	34760000	30	30	domain
chr1	34760000	35160000	30	30	boundary,domain
chr1	35160000	35560000	30	18	domain
chr1	35560000	35800000	18	30	boundary,domain
chr1	35800000	36080000	30	30	boundary,domain
chr1	36080000	36480000	30	30	boundary,domain
chr1	36480000	37440000	30	27	domain
chr1	37440000	37560000	27	14	
chr1	37560000	37720000	14	22	boundary,domain
chr1	37720000	37880000	22	20	boundary,domain
chr1	37880000	38000000	20	30	
chr1	38000000	38840000	30	30	domain
chr1	38840000	39080000	30	30	boundary,domain
chr1	39080000	39560000	30	30	boundary,domain
chr1	39560000	39760000	30	30	boundary,domain
chr1	39760000	40040000	30	30	boundary,domain
chr1	40040000	40520000	30	27	
chr1	40520000	41000000	27	30	boundary,domain
chr1	41000000	41240000	30	30	boundary,domain
chr1	41240000	41520000	30	30	boundary,domain
chr1	41520000	42160000	30	15	domain
chr1	42160000	42760000	15	30	
chr1	42760000	43120000	30	30	boundary,domain
chr1	43120000	43440000	30	25	boundary,domain
chr1	43440000	43520000	25	29	boundary,domain
chr1	43520000	43720000	29	30	boundary,domain
chr1	43720000	44080000	30	29	boundary,domain
chr1	44080000	44720000	29	30	boundary,domain
chr1	44720000	45320000	30	30	boundary,domain
chr1	45320000	45520000	30	26	boundary,domain
chr1	45520000	45600000	26	27	
chr1	45600000	46920000	27	30	domain
chr1	46920000	47160000	30	30	gap
chr1	47160000	48080000	30	20	domain
chr1	48080000	48240000	20	22	boundary,domain
chr1	48240000	48520000	22	30	boundary,domain
chr1	48520000	48880000	30	19	
chr1	48880000	50360000	19	30	domain
chr1	50360000	50720000	30	29	boundary,domain
chr1	50720000	51200000	29	29	boundary,domain
chr1	51200000	51840000	29	30	
chr1	51840000	52040000	30	30	
chr1	52040000	52360000	30	30	boundary,domain
chr1	52360000	52680000	30	14	domain
chr1	52680000	53240000	14	30	domain
chr1	53240000	53440000	30	30	boundary,domain
chr1	53440000	53800000	30	30	
chr1	53800000	54000000	30	26	boundary
chr1	54000000	54840000	26	20	domain
chr1	54840000	55040000	20	30	
chr1	55040000	55320000	30	30	boundary,domain
chr1	55320000	56840000	30	30	domain
chr1	56840000	58480000	30	30	
chr1	58480000	58680000	30	30	
chr1	58680000	59840000	30	25	domain
chr1	59840000	59960000	25	29	
chr1	59960000	60840000	29	19	domain
chr1	60840000	61880000	19	19	
chr1	61880000	62120000	19	30	boundary,domain
chr1	62120000	62440000	30	30	boundary,domain
chr1	62440000	62800000	30	22	domain
chr1	62800000	63560000	22	30	
chr1	63560000	64280000	30	23	domain
chr1	64280000	64840000	23	24	domain
chr1	64840000	65040000	24	30	boundary,domain
chr1	65040000	65200000	30	29	
chr1	65200000	65720000	29	22	domain
chr1	65720000	65920000	22	13	boundary,domain
chr1	65920000	66520000	13	11	domain
chr1	66520000	66760000	11	30	boundary,domain
chr1	66760000	66960000	30	26	boundary,domain
chr1	66960000	67200000	26	30	boundary,domain
chr1	67200000	67520000	30	30	domain
chr1	67520000	67840000	30	29	
chr1	67840000	68440000	29	26	boundary,domain
chr1	68440000	69760000	26	17	domain
chr1	69760000	70000000	17	18	
chr1	70000000	70520000	18	19	
chr1	70520000	71080000	19	30	
chr1	71080000	72600000	30	30	domain
chr1	72600000	74720000	30	30	domain
chr1	74720000	75200000	30	16	domain
chr1	75200000	75840000	16	30	domain
chr1	75840000	77120000	30	28	
chr1	77120000	77960000	28	30	
chr1	77960000	78120000	30	30	
chr1	78120000	78680000	30	30	boundary,domain
chr1	78680000	80200000	30	16	
chr1	80200000	83160000	16	30	domain
chr1	83160000	83480000	30	30	gap
chr1	83480000	84120000	30	12	domain
chr1	84120000	84800000	12	10	domain
chr1	84800000	84960000	10	30	
chr1	84960000	85280000	30	30	boundary,domain
chr1	85280000	85600000	30	30	boundary,domain
chr1	85600000	85920000	30	23	boundary,domain
chr1	85920000	86360000	23	30	boundary,domain
chr1	86360000	87120000	30	30	domain
chr1	87120000	87280000	30	14	boundary,domain
chr1	87280000	88120000	14	21	domain
chr1	88120000	88600000	21	30	domain
chr1	88600000	88920000	30	30	boundary,domain
chr1	88920000	90040000	30	30	
chr1	90040000	91280000	30	21	
chr1	91280000	91400000	21	30	
chr1	91400000	92840000	30	30	
chr1	92840000	93000000	30	28	boundary,domain
chr1	93000000	93080000	28	28	boundary,domain
chr1	93080000	93880000	28	30	
chr1	93880000	94480000	30	30	
chr1	94480000	94840000	30	30	boundary,domain
chr1	94840000	95080000	30	28	boundary,domain
chr1	95080000	95240000	28	30	
chr1	95240000	96960000	30	16	domain
chr1	96960000	98520000	16	30	domain
chr1	98520000	98720000	30	18	
chr1	98720000	99760000	18	30	
chr1	99760000	100480000	30	16	domain
chr1	100480000	100880000	16	30	domain
chr1	100880000	101480000	30	17	boundary,domain
chr1	101480000	102440000	17	13	domain
chr1	102440000	103600000	13	30	domain
chr1	103600000	103760000	30	30	gap
chr1	103760000	104640000	30	20	domain
chr1	104640000	107160000	20	19	domain
chr1	107160000	108200000	19	30	domain
chr1	108200000	108480000	30	30	gap
chr1	108480000	109680000	30	30	domain
chr1	109680000	109720000	30	30	gap
chr1	109720000	110520000	30	17	domain
chr1	110520000	110800000	17	22	boundary,domain
chr1	110800000	111000000	22	26	boundary,domain
chr1	111000000	111440000	26	30	boundary,domain
chr1	111440000	111760000	30	30	boundary,domain
chr1	111760000	112360000	30	30	domain
chr1	112360000	112720000	30	30	boundary,domain
chr1	112720000	112800000	30	24	
chr1	112800000	113080000	24	30	
chr1	113080000	113800000	30	27	domain
chr1	113800000	115120000	27	30	boundary,domain
chr1	115120000	115600000	30	20	
chr1	115600000	115800000	20	17	boundary,domain
chr1	115800000	116600000	17	30	domain
chr1	116600000	116640000	30	30	gap
chr1	116640000	117320000	30	8	domain
chr1	117320000	117920000	8	29	domain
chr1	117920000	119040000	29	10	domain
chr1	119040000	119280000	10	15	boundary,domain
chr1	119280000	120000000	15	30	
chr1	120000000	145680000	30	30	gap
chr1	145680000	146040000	30	30	domain
chr1	146040000	147040000	30	30	gap
chr1	147040000	147920000	30	30	domain
chr1	147920000	149880000	30	30	gap
chr1	149880000	151160000	30	26	
chr1	151160000	151280000	26	25	boundary,domain
chr1	151280000	151880000	25	30	
chr1	151880000	152040000	30	30	
chr1	152040000	152480000	30	30	boundary,domain
chr1	152480000	153320000	30	27	
chr1	153320000	153480000	27	24	
chr1	153480000	153640000	24	27	
chr1	153640000	154000000	27	29	boundary,domain
chr1	154000000	154160000	29	23	boundary,domain
chr1	154160000	154280000	23	28	boundary,domain
chr1	154280000	154480000	28	30	boundary,domain
chr1	154480000	154960000	30	30	boundary,domain
chr1	154960000	155080000	30	25	
chr1	155080000	155200000	25	30	boundary
chr1	155200000	155920000	30	8	boundary,domain
chr1	155920000	156080000	8	30	boundary,domain
chr1	156080000	156320000	30	30	boundary,domain
chr1	156320000	156680000	30	30	
chr1	156680000	156960000	30	30	boundary,domain
chr1	156960000	157080000	30	27	
chr1	157080000	157160000	27	30	boundary,domain
chr1	157160000	157520000	30	30	boundary,domain
chr1	157520000	157960000	30	19	
chr1	157960000	158160000	19	23	domain
chr1	158160000	159120000	23	30	domain
chr1	159120000	159800000	30	29	
chr1	159800000	159920000	29	28	
chr1	159920000	160080000	28	28	boundary,domain
chr1	160080000	160400000	28	23	boundary,domain
chr1	160400000	160640000	23	17	boundary,domain
chr1	160640000	161440000	17	30	domain
chr1	161440000	161680000	30	30	gap
chr1	161680000	162600000	30	20	
chr1	162600000	162840000	20	26	boundary,domain
chr1	162840000	163360000	26	30	boundary,domain
chr1	163360000	164840000	30	10	domain
chr1	164840000	165080000	10	30	boundary,domain
chr1	165080000	165360000	30	27	boundary,domain
chr1	165360000	165920000	27	16	domain
chr1	165920000	166840000	16	30	domain
chr1	166840000	167080000	30	30	boundary,domain
chr1	167080000	167560000	30	30	boundary,domain
chr1	167560000	167680000	30	29	
chr1	167680000	168080000	29	30	boundary,domain
chr1	168080000	168320000	30	30	boundary,domain
chr1	168320000	168560000	30	18	
chr1	168560000	169400000	18	24	domain
chr1	169400000	169560000	24	24	
chr1	169560000	169880000	24	30	boundary,domain
chr1	169880000	170960000	30	30	domain
chr1	170960000	171240000	30	11	boundary,domain
chr1	171240000	171480000	11	30	boundary,domain
chr1	171480000	171760000	30	30	boundary,domain
chr1	171760000	172000000	30	25	boundary,domain
chr1	172000000	172440000	25	24	domain
chr1	172440000	172720000	24	30	boundary,domain
chr1	172720000	173400000	30	17	
chr1	173400000	174240000	17	25	domain
chr1	174240000	174760000	25	28	domain
chr1	174760000	175000000	28	30	boundary,domain
chr1	175000000	175120000	30	21	boundary,domain
chr1	175120000	175360000	21	28	boundary,domain
chr1	175360000	176360000	28	13	domain
chr1	176360000	176920000	13	30	domain
chr1	176920000	177200000	30	21	boundary,domain
chr1	177200000	177960000	21	30	domain
chr1	177960000	178280000	30	26	boundary,domain
chr1	178280000	179040000	26	25	
chr1	179040000	179680000	25	30	domain
chr1	179680000	179840000	30	30	boundary,domain
chr1	179840000	180480000	30	30	
chr1	180480000	181200000	30	30	domain
chr1	181200000	181440000	30	28	boundary,domain
chr1	181440000	182080000	28	30	domain
chr1	182080000	182600000	30	24	
chr1	182600000	182840000	24	30	boundary,domain
chr1	182840000	183640000	30	30	
chr1	183640000	183920000	30	29	boundary,domain
chr1	183920000	184760000	29	30	
chr1	184760000	185720000	30	30	
chr1	185720000	186320000	30	29	domain
chr1	186320000	187000000	29	30	
chr1	187000000	187240000	30	5	boundary,domain
chr1	187240000	191160000	5	14	domain
chr1	191160000	192440000	14	30	domain
chr1	192440000	193120000	30	30	
chr1	193120000	193360000	30	12	
chr1	193360000	195800000	12	21	domain
chr1	195800000	196800000	21	30	domain
chr1	196800000	196960000	30	30	gap
chr1	196960000	198720000	30	30	
chr1	198720000	199560000	30	27	domain
chr1	199560000	200560000	27	30	
chr1	200560000	200880000	30	30	
chr1	200880000	201120000	30	30	boundary,domain
chr1	201120000	201240000	30	28	boundary,domain
chr1	201240000	201440000	28	29	boundary,domain
chr1	201440000	201840000	29	30	
chr1	201840000	202000000	30	26	boundary,domain
chr1	202000000	202160000	26	30	boundary,domain
chr1	202160000	202320000	30	28	boundary,domain
chr1	202320000	202720000	28	20	domain
chr1	202720000	203000000	20	30	boundary,domain
chr1	203000000	203240000	30	30	boundary,domain
chr1	203240000	203840000	30	30	
chr1	203840000	204160000	30	30	boundary,domain
chr1	204160000	204400000	30	29	boundary,domain
chr1	204400000	204520000	29	30	boundary,domain
chr1	204520000	204840000	30	29	boundary,domain
chr1	204840000	204960000	29	25	
chr1	204960000	205280000	25	19	boundary,domain
chr1	205280000	205520000	19	13	boundary,domain
chr1	205520000	206160000	13	30	
chr1	206160000	206400000	30	30	gap
chr1	206400000	207520000	30	30	domain
chr1	207520000	207560000	30	30	gap
chr1	207560000	208280000	30	15	domain
chr1	208280000	208600000	15	13	domain
chr1	208600000	209560000	13	26	domain
chr1	209560000	209840000	26	30	boundary,domain
chr1	209840000	210120000	30	27	boundary,domain
chr1	210120000	210360000	27	30	
chr1	210360000	211160000	30	13	domain
chr1	211160000	211320000	13	20	
chr1	211320000	211520000	20	24	boundary,domain
chr1	211520000	211680000	24	30	boundary,domain
chr1	211680000	212480000	30	30	domain
chr1	212480000	212640000	30	28	
chr1	212640000	213120000	28	30	boundary,domain
chr1	213120000	214160000	30	27	domain
chr1	214160000	214640000	27	16	domain
chr1	214640000	215680000	16	30	
chr1	215680000	218280000	30	30	domain
chr1	218280000	219840000	30	30	domain
chr1	219840000	219960000	30	24	boundary,domain
chr1	219960000	220160000	24	29	boundary,domain
chr1	220160000	220800000	29	30	domain
chr1	220800000	221440000	30	19	domain
chr1	221440000	222480000	19	30	domain
chr1	222480000	222520000	30	30	gap
chr1	222520000	223560000	30	30	domain
chr1	223560000	223600000	30	30	gap
chr1	223600000	223880000	30	30	domain
chr1	223880000	224040000	30	30	gap
chr1	224040000	224960000	30	16	domain
chr1	224960000	225440000	16	30	domain
chr1	225440000	226120000	30	23	
chr1	226120000	226400000	23	30	boundary,domain
chr1	226400000	226600000	30	19	boundary,domain
chr1	226600000	226840000	19	9	domain
chr1	226840000	227480000	9	23	domain
chr1	227480000	227760000	23	16	boundary,domain
chr1	227760000	228520000	16	30	domain
chr1	228520000	228640000	30	30	gap
chr1	228640000	229240000	30	14	domain
chr1	229240000	229520000	14	18	boundary,domain
chr1	229520000	230360000	18	30	
chr1	230360000	230600000	30	30	
chr1	230600000	231320000	30	24	boundary,domain
chr1	231320000	231640000	24	30	boundary,domain
chr1	231640000	233280000	30	30	
chr1	233280000	234120000	30	30	domain
chr1	234120000	234320000	30	30	boundary,domain
chr1	234320000	235120000	30	30	
chr1	235120000	235480000	30	30	boundary,domain
chr1	235480000	236080000	30	30	boundary,domain
chr1	236080000	236560000	30	30	
chr1	236560000	237800000	30	30	domain
chr1	237800000	240000000	30	27	
chr1	240000000	240160000	27	27	
chr1	240160000	240720000	27	18	domain
chr1	240720000	240840000	18	9	
chr1	240840000	241520000	9	16	domain
chr1	241520000	242280000	16	30	domain
chr1	242280000	242360000	30	30	gap
chr1	242360000	242880000	30	30	domain
chr1	242880000	243200000	30	30	gap
chr1	243200000	244320000	30	23	domain
chr1	244320000	245080000	23	30	boundary,domain
chr1	245080000	246520000	30	30	domain
chr1	246520000	246800000	30	30	
chr1	246800000	247360000	30	20	boundary,domain
chr1	247360000	247520000	20	7	
chr1	247520000	248280000	7	30	
chr1	248280000	248680000	30	30	gap
chr1	248680000	248956422	30	30	domain
chr10	0	80000	30	30	gap
chr10	80000	1080000	30	22	domain
chr10	1080000	1360000	22	18	boundary,domain
chr10	1360000	2920000	18	6	domain
chr10	2920000	3160000	6	30	
chr10	3160000	4800000	30	30	domain
chr10	4800000	5440000	30	30	domain
chr10	5440000	5680000	30	25	boundary,domain
chr10	5680000	5920000	25	19	boundary,domain
chr10	5920000	6080000	19	30	boundary,domain
chr10	6080000	6400000	30	30	boundary,domain
chr10	6400000	6680000	30	25	boundary,domain
chr10	6680000	7520000	25	25	
chr10	7520000	7720000	25	28	
chr10	7720000	9320000	28	30	domain
chr10	9320000	11400000	30	15	
chr10	11400000	11480000	15	27	
chr10	11480000	11760000	27	30	boundary,domain
chr10	11760000	12200000	30	30	boundary,domain
chr10	12200000	13080000	30	13	domain
chr10	13080000	13320000	13	30	boundary,domain
chr10	13320000	13600000	30	30	boundary,domain
chr10	13600000	13760000	30	20	
chr10	13760000	14480000	20	22	domain
chr10	14480000	15000000	22	18	domain
chr10	15000000	15160000	18	30	
chr10	15160000	15400000	30	30	boundary,domain
chr10	15400000	15840000	30	30	boundary,domain
chr10	15840000	16800000	30	27	domain
chr10	16800000	17600000	27	22	
chr10	17600000	18320000	22	24	
chr10	18320000	18680000	24	30	boundary,domain
chr10	18680000	20840000	30	30	domain
chr10	20840000	21960000	30	26	
chr10	21960000	23120000	26	30	domain
chr10	23120000	24560000	30	30	
chr10	24560000	25080000	30	13	
chr10	25080000	25720000	13	30	domain
chr10	25720000	26320000	30	13	domain
chr10	26320000	26600000	13	26	domain
chr10	26600000	27360000	26	30	boundary,domain
chr10	27360000	28240000	30	19	domain
chr10	28240000	28400000	19	30	boundary,domain
chr10	28400000	28600000	30	30	
chr10	28600000	29360000	30	14	
chr10	29360000	29480000	14	30	
chr10	29480000	30000000	30	21	boundary,domain
chr10	30000000	30360000	21	30	boundary,domain
chr10	30360000	30640000	30	22	boundary,domain
chr10	30640000	31840000	22	30	
chr10	31840000	32240000	30	30	boundary,domain
chr10	32240000	32360000	30	30	
chr10	32360000	33160000	30	29	
chr10	33160000	34640000	29	30	
chr10	34640000	35040000	30	30	
chr10	35040000	35600000	30	30	
chr10	35600000	37160000	30	30	domain
chr10	37160000	37200000	30	30	gap
chr10	37200000	38200000	30	30	domain
chr10	38200000	42440000	30	30	gap
chr10	42440000	43120000	30	14	domain
chr10	43120000	43480000	14	23	boundary,domain
chr10	43480000	43640000	23	26	
chr10	43640000	44920000	26	16	domain
chr10	44920000	45680000	16	30	domain
chr10	45680000	47000000	30	30	gap
chr10	47000000	47440000	30	30	domain
chr10	47440000	48200000	30	30	gap
chr10	48200000	49840000	30	30	domain
chr10	49840000	50200000	30	30	gap
chr10	50200000	50680000	30	30	domain
chr10	50680000	50800000	30	30	gap
chr10	50800000	52240000	30	30	
chr10	52240000	52600000	30	30	boundary,domain
chr10	52600000	52800000	30	30	boundary,domain
chr10	52800000	55640000	30	30	
chr10	55640000	55760000	30	29	boundary,domain
chr10	55760000	58160000	29	29	
chr10	58160000	58400000	29	26	boundary,domain
chr10	58400000	58520000	26	18	
chr10	58520000	58760000	18	19	boundary,domain
chr10	58760000	59600000	19	16	domain
chr10	59600000	60080000	16	30	domain
chr10	60080000	60800000	30	30	
chr10	60800000	62280000	30	16	domain
chr10	62280000	62440000	16	30	boundary,domain
chr10	62440000	63160000	30	19	
chr10	63160000	63840000	19	30	
chr10	63840000	64000000	30	18	
chr10	64000000	66200000	18	21	domain
chr10	66200000	66960000	21	13	domain
chr10	66960000	67640000	13	25	
chr10	67640000	67800000	25	30	
chr10	67800000	68360000	30	30	boundary,domain
chr10	68360000	69000000	30	30	
chr10	69000000	69120000	30	29	
chr10	69120000	69400000	29	30	boundary,domain
chr10	69400000	69520000	30	27	
chr10	69520000	69640000	27	25	boundary,domain
chr10	69640000	69720000	25	29	boundary,domain
chr10	69720000	69960000	29	27	boundary,domain
chr10	69960000	70080000	27	27	
chr10	70080000	70400000	27	30	
chr10	70400000	70880000	30	22	domain
chr10	70880000	71280000	22	27	domain
chr10	71280000	71840000	27	30	domain
chr10	71840000	72040000	30	17	boundary,domain
chr10	72040000	72360000	17	30	boundary,domain
chr10	72360000	73680000	30	30	domain
chr10	73680000	73720000	30	30	gap
chr10	73720000	75280000	30	30	
chr10	75280000	76320000	30	15	
chr10	76320000	77120000	15	30	domain
chr10	77120000	77800000	30	30	domain
chr10	77800000	78000000	30	30	boundary
chr10	78000000	79520000	30	30	domain
chr10	79520000	79920000	30	30	gap
chr10	79920000	80200000	30	30	domain
chr10	80200000	80240000	30	30	gap
chr10	80240000	81880000	30	21	domain
chr10	81880000	82800000	21	14	domain
chr10	82800000	84640000	14	30	domain
chr10	84640000	86360000	30	30	gap
chr10	86360000	86560000	30	30	domain
chr10	86560000	86720000	30	30	gap
chr10	86720000	86960000	30	30	domain
chr10	86960000	87520000	30	30	gap
chr10	87520000	88080000	30	30	domain
chr10	88080000	88120000	30	30	gap
chr10	88120000	88800000	30	14	
chr10	88800000	89240000	14	25	boundary,domain
chr10	89240000	89400000	25	14	
chr10	89400000	89760000	14	30	boundary,domain
chr10	89760000	90880000	30	30	
chr10	90880000	91280000	30	30	boundary,domain
chr10	91280000	91760000	30	30	domain
chr10	91760000	91920000	30	28	boundary,domain
chr10	91920000	92480000	28	30	boundary,domain
chr10	92480000	92600000	30	15	boundary,domain
chr10	92600000	92880000	15	27	boundary,domain
chr10	92880000	93360000	27	15	domain
chr10	93360000	94080000	15	30	
chr10	94080000	94120000	30	30	gap
chr10	94120000	94720000	30	30	domain
chr10	94720000	94840000	30	30	gap
chr10	94840000	95640000	30	17	domain
chr10	95640000	95880000	17	24	boundary,domain
chr10	95880000	96360000	24	30	boundary,domain
chr10	96360000	97080000	30	15	
chr10	97080000	97400000	15	30	
chr10	97400000	97680000	30	30	boundary,domain
chr10	97680000	97880000	30	9	
chr10	97880000	98080000	9	26	
chr10	98080000	98400000	26	21	
chr10	98400000	99360000	21	16	domain
chr10	99360000	100240000	16	30	
chr10	100240000	100280000	30	30	gap
chr10	100280000	100640000	30	30	domain
chr10	100640000	100840000	30	30	gap
chr10	100840000	101000000	30	30	domain
chr10	101000000	101120000	30	30	gap
chr10	101120000	101800000	30	14	
chr10	101800000	102120000	14	22	boundary,domain
chr10	102120000	102480000	22	26	
chr10	102480000	102640000	26	30	boundary,domain
chr10	102640000	103400000	30	21	
chr10	103400000	103600000	21	25	
chr10	103600000	103680000	25	25	boundary,domain
chr10	103680000	103880000	25	30	boundary,domain
chr10	103880000	104280000	30	16	boundary,domain
chr10	104280000	104360000	16	30	
chr10	104360000	104640000	30	30	boundary,domain
chr10	104640000	105760000	30	14	domain
chr10	105760000	106320000	14	30	domain
chr10	106320000	106600000	30	30	boundary,domain
chr10	106600000	108840000	30	10	domain
chr10	108840000	109880000	10	30	domain
chr10	109880000	110120000	30	23	boundary,domain
chr10	110120000	110280000	23	30	boundary,domain
chr10	110280000	110600000	30	30	boundary,domain
chr10	110600000	110920000	30	23	boundary,domain
chr10	110920000	112160000	23	30	
chr10	112160000	112480000	30	30	boundary,domain
chr10	112480000	113640000	30	30	domain
chr10	113640000	114280000	30	17	
chr10	114280000	114440000	17	29	boundary,domain
chr10	114440000	114840000	29	30	boundary,domain
chr10	114840000	115120000	30	30	
chr10	115120000	116400000	30	30	domain
chr10	116400000	117200000	30	30	
chr10	117200000	117440000	30	22	boundary,domain
chr10	117440000	118280000	22	16	domain
chr10	118280000	118560000	16	30	boundary,domain
chr10	118560000	118720000	30	8	boundary,domain
chr10	118720000	119040000	8	26	boundary,domain
chr10	119040000	119160000	26	13	
chr10	119160000	119600000	13	30	
chr10	119600000	119880000	30	30	
chr10	119880000	120840000	30	27	domain
chr10	120840000	120920000	27	20	
chr10	120920000	121920000	20	30	
chr10	121920000	122120000	30	30	boundary,domain
chr10	122120000	122720000	30	17	boundary,domain
chr10	122720000	122800000	17	6	
chr10	122800000	122960000	6	30	
chr10	122960000	123560000	30	22	domain
chr10	123560000	124000000	22	20	domain
chr10	124000000	124440000	20	30	domain
chr10	124440000	125000000	30	14	boundary,domain
chr10	125000000	125840000	14	29	domain
chr10	125840000	127640000	29	22	
chr10	127640000	127880000	22	30	boundary,domain
chr10	127880000	128080000	30	30	boundary,domain
chr10	128080000	128200000	30	30	
chr10	128200000	128960000	30	20	
chr10	128960000	130160000	20	30	
chr10	130160000	130320000	30	24	
chr10	130320000	131880000	24	19	
chr10	131880000	131960000	19	1	
chr10	131960000	132760000	1	30	domain
chr10	132760000	132800000	30	30	gap
chr10	132800000	133600000	30	30	domain
chr10	133600000	133797422	30	30	gap
chr11	160000	200000	30	30	gap
chr11	200000	1160000	30	30	domain
chr11	1160000	1480000	30	30	gap
chr11	1480000	1920000	30	30	domain
chr11	1920000	2160000	30	30	gap
chr11	2160000	3240000	30	30	domain
chr11	3240000	3600000	30	30	gap
chr11	3600000	4240000	30	30	domain
chr11	4240000	4360000	30	30	gap
chr11	4360000	5080000	30	15	domain
chr11	5080000	5920000	15	24	domain
chr11	5920000	6240000	24	9	boundary,domain
chr11	6240000	6360000	9	20	boundary,domain
chr11	6360000	6720000	20	30	
chr11	6720000	6960000	30	7	boundary,domain
chr11	6960000	7880000	7	10	domain
chr11	7880000	8000000	10	30	
chr11	8000000	8160000	30	29	
chr11	8160000	8640000	29	30	
chr11	8640000	8920000	30	28	boundary,domain
chr11	8920000	9480000	28	30	
chr11	9480000	9760000	30	30	
chr11	9760000	10360000	30	30	domain
chr11	10360000	10760000	30	30	
chr11	10760000	11800000	30	30	
chr11	11800000	12040000	30	30	boundary,domain
chr11	12040000	12280000	30	30	boundary,domain
chr11	12280000	12920000	30	25	domain
chr11	12920000	13200000	25	28	boundary,domain
chr11	13200000	13720000	28	30	boundary,domain
chr11	13720000	14280000	30	30	domain
chr11	14280000	14520000	30	30	boundary,domain
chr11	14520000	15080000	30	24	boundary,domain
chr11	15080000	15240000	24	30	boundary,domain
chr11	15240000	16760000	30	30	
chr11	16760000	16920000	30	22	boundary,domain
chr11	16920000	17360000	22	30	boundary,domain
chr11	17360000	17560000	30	30	boundary,domain
chr11	17560000	17720000	30	25	
chr11	17720000	18000000	25	30	boundary,domain
chr11	18000000	18880000	30	22	
chr11	18880000	19040000	22	12	
chr11	19040000	19920000	12	30	domain
chr11	19920000	20120000	30	25	boundary,domain
chr11	20120000	20360000	25	30	boundary,domain
chr11	20360000	20640000	30	30	boundary,domain
chr11	20640000	22160000	30	23	domain
chr11	22160000	22320000	23	29	boundary,domain
chr11	22320000	22840000	29	30	boundary,domain
chr11	22840000	24400000	30	10	domain
chr11	24400000	26280000	10	30	
chr11	26280000	26680000	30	16	boundary,domain
chr11	26680000	27520000	16	30	domain
chr11	27520000	29360000	30	30	domain
chr11	29360000	30320000	30	17	domain
chr11	30320000	30960000	17	30	domain
chr11	30960000	31080000	30	26	
chr11	31080000	32040000	26	12	
chr11	32040000	32320000	12	30	boundary,domain
chr11	32320000	32800000	30	18	boundary,domain
chr11	32800000	33160000	18	18	domain
chr11	33160000	33800000	18	30	domain
chr11	33800000	34000000	30	25	boundary,domain
chr11	34000000	34120000	25	29	boundary,domain
chr11	34120000	34360000	29	29	boundary,domain
chr11	34360000	34480000	29	30	
chr11	34480000	34920000	30	13	domain
chr11	34920000	35480000	13	26	
chr11	35480000	36280000	26	30	
chr11	36280000	36520000	30	30	boundary,domain
chr11	36520000	36680000	30	26	boundary,domain
chr11	36680000	36800000	26	30	boundary,domain
chr11	36800000	37840000	30	13	domain
chr11	37840000	38800000	13	30	
chr11	38800000	40160000	30	23	domain
chr11	40160000	40280000	23	30	
chr11	40280000	43320000	30	30	domain
chr11	43320000	43880000	30	30	boundary,domain
chr11	43880000	44080000	30	30	boundary,domain
chr11	44080000	44560000	30	28	domain
chr11	44560000	44920000	28	24	domain
chr11	44920000	45120000	24	14	domain
chr11	45120000	45360000	14	23	boundary,domain
chr11	45360000	45800000	23	30	domain
chr11	45800000	46240000	30	28	boundary,domain
chr11	46240000	46360000	28	30	boundary,domain
chr11	46360000	46680000	30	28	boundary,domain
chr11	46680000	47160000	28	27	
chr11	47160000	47440000	27	21	
chr11	47440000	47600000	21	16	
chr11	47600000	48360000	16	30	
chr11	48360000	55320000	30	30	gap
chr11	55320000	55600000	30	30	domain
chr11	55600000	55920000	30	30	gap
chr11	55920000	56840000	30	20	domain
chr11	56840000	57320000	20	30	boundary,domain
chr11	57320000	57680000	30	30	boundary,domain
chr11	57680000	58560000	30	26	domain
chr11	58560000	59160000	26	30	domain
chr11	59160000	59480000	30	30	
chr11	59480000	59680000	30	18	
chr11	59680000	60240000	18	21	
chr11	60240000	61200000	21	30	domain
chr11	61200000	61240000	30	30	gap
chr11	61240000	62120000	30	19	
chr11	62120000	62400000	19	26	boundary,domain
chr11	62400000	62880000	26	30	boundary,domain
chr11	62880000	63760000	30	25	boundary,domain
chr11	63760000	64000000	25	17	boundary,domain
chr11	64000000	64200000	17	30	boundary,domain
chr11	64200000	64760000	30	30	boundary,domain
chr11	64760000	65120000	30	27	boundary,domain
chr11	65120000	65360000	27	30	boundary,domain
chr11	65360000	65640000	30	29	boundary,domain
chr11	65640000	65880000	29	28	boundary,domain
chr11	65880000	66040000	28	30	boundary,domain
chr11	66040000	66320000	30	30	boundary,domain
chr11	66320000	66680000	30	23	boundary,domain
chr11	66680000	66840000	23	19	boundary,domain
chr11	66840000	67040000	19	13	boundary,domain
chr11	67040000	67720000	13	30	domain
chr11	67720000	68000000	30	30	gap
chr11	68000000	68800000	30	13	domain
chr11	68800000	69080000	13	24	boundary,domain
chr11	69080000	69680000	24	30	domain
chr11	69680000	69880000	30	24	boundary,domain
chr11	69880000	70960000	24	30	domain
chr11	70960000	71080000	30	30	gap
chr11	71080000	71600000	30	30	domain
chr11	71600000	71920000	30	30	gap
chr11	71920000	72680000	30	16	
chr11	72680000	73320000	16	27	
chr11	73320000	73960000	27	30	boundary,domain
chr11	73960000	74480000	30	28	
chr11	74480000	74600000	28	30	
chr11	74600000	74880000	30	30	boundary,domain
chr11	74880000	75120000	30	22	boundary,domain
chr11	75120000	75280000	22	30	
chr11	75280000	75400000	30	30	boundary,domain
chr11	75400000	75520000	30	30	
chr11	75520000	76720000	30	27	
chr11	76720000	77120000	27	15	boundary,domain
chr11	77120000	77920000	15	30	domain
chr11	77920000	77960000	30	30	gap
chr11	77960000	78600000	30	13	
chr11	78600000	79680000	13	22	
chr11	79680000	81280000	22	23	domain
chr11	81280000	81600000	23	30	boundary,domain
chr11	81600000	82720000	30	30	domain
chr11	82720000	82880000	30	25	boundary,domain
chr11	82880000	83840000	25	23	domain
chr11	83840000	84400000	23	26	domain
chr11	84400000	84560000	26	30	
chr11	84560000	84720000	30	30	
chr11	84720000	85600000	30	30	domain
chr11	85600000	86320000	30	17	domain
chr11	86320000	86840000	17	24	domain
chr11	86840000	87960000	24	30	
chr11	87960000	88000000	30	30	gap
chr11	88000000	88840000	30	30	domain
chr11	88840000	89440000	30	30	gap
chr11	89440000	89680000	30	30	
chr11	89680000	90080000	30	30	gap
chr11	90080000	91280000	30	23	domain
chr11	91280000	92920000	23	30	domain
chr11	92920000	93200000	30	30	boundary,domain
chr11	93200000	93800000	30	29	
chr11	93800000	94520000	29	30	domain
chr11	94520000	95120000	30	16	boundary,domain
chr11	95120000	95800000	16	30	domain
chr11	95800000	96440000	30	30	domain
chr11	96440000	99040000	30	25	domain
chr11	99040000	99760000	25	17	domain
chr11	99760000	100560000	17	20	domain
chr11	100560000	100960000	20	30	domain
chr11	100960000	101440000	30	20	domain
chr11	101440000	101880000	20	29	domain
chr11	101880000	102040000	29	30	
chr11	102040000	102280000	30	30	boundary,domain
chr11	102280000	102720000	30	30	domain
chr11	102720000	103080000	30	30	
chr11	103080000	103640000	30	30	boundary,domain
chr11	103640000	105920000	30	18	domain
chr11	105920000	106080000	18	30	boundary,domain
chr11	106080000	107560000	30	30	domain
chr11	107560000	107800000	30	27	boundary,domain
chr11	107800000	108000000	27	29	boundary,domain
chr11	108000000	108680000	29	30	
chr11	108680000	108880000	30	3	
chr11	108880000	109800000	3	18	domain
chr11	109800000	110200000	18	22	
chr11	110200000	110400000	22	30	
chr11	110400000	111280000	30	24	domain
chr11	111280000	111560000	24	26	
chr11	111560000	111880000	26	30	boundary,domain
chr11	111880000	112080000	30	30	boundary,domain
chr11	112080000	113280000	30	21	
chr11	113280000	113800000	21	18	domain
chr11	113800000	114640000	18	30	domain
chr11	114640000	116320000	30	30	domain
chr11	116320000	116720000	30	30	
chr11	116720000	117240000	30	30	boundary,domain
chr11	117240000	117360000	30	26	
chr11	117360000	117840000	26	29	domain
chr11	117840000	118120000	29	30	boundary,domain
chr11	118120000	118600000	30	30	boundary,domain
chr11	118600000	119040000	30	30	
chr11	119040000	119360000	30	23	boundary,domain
chr11	119360000	119480000	23	13	boundary,domain
chr11	119480000	120160000	13	30	domain
chr11	120160000	120320000	30	30	
chr11	120320000	120480000	30	26	boundary,domain
chr11	120480000	120920000	26	10	domain
chr11	120920000	121240000	10	29	
chr11	121240000	121640000	29	30	boundary,domain
chr11	121640000	122560000	30	28	domain
chr11	122560000	122840000	28	25	boundary,domain
chr11	122840000	123040000	25	17	domain
chr11	123040000	123600000	17	27	domain
chr11	123600000	123720000	27	14	boundary,domain
chr11	123720000	124040000	14	13	domain
chr11	124040000	124400000	13	29	domain
chr11	124400000	124640000	29	30	boundary,domain
chr11	124640000	124880000	30	28	boundary,domain
chr11	124880000	125440000	28	24	
chr11	125440000	125560000	24	20	boundary,domain
chr11	125560000	125880000	20	30	domain
chr11	125880000	126280000	30	29	
chr11	126280000	126440000	29	11	
chr11	126440000	127400000	11	12	domain
chr11	127400000	128000000	12	30	domain
chr11	128000000	128880000	30	30	
chr11	128880000	129760000	30	30	
chr11	129760000	129880000	30	27	boundary,domain
chr11	129880000	130200000	27	30	boundary,domain
chr11	130200000	130400000	30	30	
chr11	130400000	130920000	30	30	domain
chr11	130920000	131680000	30	30	domain
chr11	131680000	133040000	30	30	domain
chr11	133040000	133880000	30	30	domain
chr11	133880000	134160000	30	21	
chr11	134160000	134240000	21	15	
chr11	134240000	135080000	15	30	
chr12	0	40000	30	30	gap
chr12	40000	400000	30	30	boundary,domain
chr12	400000	560000	30	30	boundary,domain
chr12	560000	960000	30	18	domain
chr12	960000	1080000	18	15	
chr12	1080000	1640000	15	30	domain
chr12	1640000	1800000	30	23	
chr12	1800000	1960000	23	29	boundary,domain
chr12	1960000	2680000	29	29	
chr12	2680000	2840000	29	30	boundary,domain
chr12	2840000	3040000	30	30	boundary,domain
chr12	3040000	3280000	30	30	boundary,domain
chr12	3280000	3880000	30	28	domain
chr12	3880000	4320000	28	30	domain
chr12	4320000	4560000	30	13	boundary,domain
chr12	4560000	4840000	13	28	domain
chr12	4840000	5000000	28	21	boundary,domain
chr12	5000000	5120000	21	16	boundary,domain
chr12	5120000	5960000	16	30	domain
chr12	5960000	6320000	30	30	
chr12	6320000	6400000	30	10	
chr12	6400000	6600000	10	25	boundary,domain
chr12	6600000	6720000	25	20	boundary,domain
chr12	6720000	6880000	20	29	
chr12	6880000	7160000	29	23	boundary,domain
chr12	7160000	8160000	23	30	domain
chr12	8160000	8440000	30	30	gap
chr12	8440000	9280000	30	30	domain
chr12	9280000	9560000	30	30	gap
chr12	9560000	10200000	30	13	domain
chr12	10200000	10760000	13	27	domain
chr12	10760000	11520000	27	30	domain
chr12	11520000	12040000	30	17	domain
chr12	12040000	12720000	17	30	domain
chr12	12720000	13000000	30	11	
chr12	13000000	13240000	11	30	boundary,domain
chr12	13240000	14200000	30	30	domain
chr12	14200000	14720000	30	17	domain
chr12	14720000	15240000	17	14	domain
chr12	15240000	15560000	14	28	domain
chr12	15560000	15920000	28	30	boundary,domain
chr12	15920000	16920000	30	21	domain
chr12	16920000	18040000	21	24	domain
chr12	18040000	18240000	24	24	
chr12	18240000	19560000	24	12	
chr12	19560000	19680000	12	30	boundary
chr12	19680000	20640000	30	30	domain
chr12	20640000	21200000	30	30	boundary,domain
chr12	21200000	22040000	30	19	
chr12	22040000	22480000	19	30	domain
chr12	22480000	22680000	30	30	boundary,domain
chr12	22680000	24040000	30	17	domain
chr12	24040000	24840000	17	27	domain
chr12	24840000	25160000	27	30	boundary,domain
chr12	25160000	25400000	30	25	boundary,domain
chr12	25400000	26040000	25	18	domain
chr12	26040000	26720000	18	30	domain
chr12	26720000	26880000	30	30	
chr12	26880000	27360000	30	26	
chr12	27360000	27720000	26	30	
chr12	27720000	27960000	30	8	boundary,domain
chr12	27960000	29040000	8	30	domain
chr12	29040000	29320000	30	25	boundary,domain
chr12	29320000	29480000	25	20	
chr12	29480000	31080000	20	30	domain
chr12	31080000	31200000	30	30	gap
chr12	31200000	32360000	30	26	domain
chr12	32360000	32720000	26	30	boundary,domain
chr12	32720000	32920000	30	20	
chr12	32920000	34400000	20	30	domain
chr12	34400000	38040000	30	30	gap
chr12	38040000	39280000	30	28	domain
chr12	39280000	40160000	28	30	domain
chr12	40160000	40320000	30	30	
chr12	40320000	40920000	30	30	boundary,domain
chr12	40920000	42440000	30	24	
chr12	42440000	43360000	24	30	domain
chr12	43360000	43960000	30	30	
chr12	43960000	44960000	30	19	domain
chr12	44960000	45120000	19	29	
chr12	45120000	46000000	29	30	domain
chr12	46000000	47000000	30	26	domain
chr12	47000000	47680000	26	30	domain
chr12	47680000	47840000	30	13	
chr12	47840000	48200000	13	14	domain
chr12	48200000	48840000	14	28	
chr12	48840000	49040000	28	30	boundary,domain
chr12	49040000	49240000	30	30	
chr12	49240000	49600000	30	30	boundary,domain
chr12	49600000	49760000	30	29	boundary,domain
chr12	49760000	50080000	29	30	boundary,domain
chr12	50080000	50480000	30	30	boundary,domain
chr12	50480000	50760000	30	29	boundary,domain
chr12	50760000	51360000	29	30	domain
chr12	51360000	51880000	30	30	domain
chr12	51880000	52000000	30	28	boundary,domain
chr12	52000000	52120000	28	30	boundary,domain
chr12	52120000	53000000	30	23	boundary,domain
chr12	53000000	54080000	23	30	
chr12	54080000	54120000	30	30	gap
chr12	54120000	54960000	30	9	
chr12	54960000	55160000	9	15	boundary,domain
chr12	55160000	55720000	15	29	
chr12	55720000	56120000	29	30	boundary,domain
chr12	56120000	56280000	30	29	boundary,domain
chr12	56280000	56480000	29	30	boundary,domain
chr12	56480000	56600000	30	25	boundary,domain
chr12	56600000	57120000	25	18	
chr12	57120000	57200000	18	30	
chr12	57200000	57520000	30	30	boundary,domain
chr12	57520000	57760000	30	30	boundary,domain
chr12	57760000	57920000	30	30	
chr12	57920000	59200000	30	27	domain
chr12	59200000	59360000	27	19	
chr12	59360000	62240000	19	27	domain
chr12	62240000	63560000	27	30	domain
chr12	63560000	63720000	30	30	gap
chr12	63720000	64400000	30	14	
chr12	64400000	64760000	14	23	domain
chr12	64760000	65280000	23	30	boundary,domain
chr12	65280000	66120000	30	30	domain
chr12	66120000	67280000	30	25	domain
chr12	67280000	68200000	25	27	
chr12	68200000	68320000	27	28	boundary,domain
chr12	68320000	68840000	28	30	
chr12	68840000	69280000	30	28	
chr12	69280000	69640000	28	30	
chr12	69640000	70600000	30	14	
chr12	70600000	70720000	14	20	boundary,domain
chr12	70720000	71080000	20	26	boundary,domain
chr12	71080000	71400000	26	30	boundary,domain
chr12	71400000	71640000	30	29	boundary,domain
chr12	71640000	71760000	29	30	
chr12	71760000	71960000	30	30	boundary,domain
chr12	71960000	72280000	30	22	
chr12	72280000	74440000	22	22	domain
chr12	74440000	74680000	22	30	boundary,domain
chr12	74680000	75480000	30	30	domain
chr12	75480000	76600000	30	30	
chr12	76600000	76800000	30	14	boundary,domain
chr12	76800000	77040000	14	30	boundary,domain
chr12	77040000	77720000	30	30	domain
chr12	77720000	77960000	30	30	boundary,domain
chr12	77960000	78120000	30	30	
chr12	78120000	79440000	30	30	domain
chr12	79440000	79480000	30	30	gap
chr12	79480000	80280000	30	15	
chr12	80280000	81640000	15	22	
chr12	81640000	82360000	22	30	domain
chr12	82360000	82640000	30	30	boundary,domain
chr12	82640000	84520000	30	19	domain
chr12	84520000	84840000	19	30	boundary,domain
chr12	84840000	85080000	30	30	boundary,domain
chr12	85080000	85920000	30	30	domain
chr12	85920000	86800000	30	11	domain
chr12	86800000	88040000	11	30	domain
chr12	88040000	89000000	30	30	domain
chr12	89000000	89520000	30	30	boundary,domain
chr12	89520000	90960000	30	30	domain
chr12	90960000	91360000	30	30	boundary,domain
chr12	91360000	92680000	30	29	domain
chr12	92680000	93440000	29	30	
chr12	93440000	94120000	30	30	domain
chr12	94120000	95040000	30	30	domain
chr12	95040000	95560000	30	30	
chr12	95560000	95880000	30	29	boundary,domain
chr12	95880000	96000000	29	30	boundary,domain
chr12	96000000	96560000	30	30	boundary,domain
chr12	96560000	98400000	30	30	
chr12	98400000	99040000	30	22	domain
chr12	99040000	99800000	22	24	domain
chr12	99800000	100760000	24	30	
chr12	100760000	101400000	30	30	boundary,domain
chr12	101400000	101880000	30	30	
chr12	101880000	102120000	30	6	
chr12	102120000	102880000	6	29	
chr12	102880000	103560000	29	30	domain
chr12	103560000	103920000	30	30	boundary,domain
chr12	103920000	104120000	30	30	boundary,domain
chr12	104120000	104360000	30	30	boundary,domain
chr12	104360000	105080000	30	30	domain
chr12	105080000	105400000	30	30	boundary,domain
chr12	105400000	106200000	30	20	domain
chr12	106200000	106960000	20	29	
chr12	106960000	107640000	29	30	
chr12	107640000	107920000	30	22	boundary,domain
chr12	107920000	108520000	22	30	domain
chr12	108520000	109120000	30	30	boundary,domain
chr12	109120000	109400000	30	30	boundary,domain
chr12	109400000	109880000	30	26	boundary,domain
chr12	109880000	110440000	26	30	boundary,domain
chr12	110440000	110640000	30	20	
chr12	110640000	110880000	20	30	
chr12	110880000	111360000	30	30	domain
chr12	111360000	111680000	30	29	
chr12	111680000	111840000	29	30	boundary,domain
chr12	111840000	112120000	30	14	boundary,domain
chr12	112120000	112440000	14	30	boundary,domain
chr12	112440000	112920000	30	17	
chr12	112920000	113040000	17	27	boundary,domain
chr12	113040000	113160000	27	30	boundary,domain
chr12	113160000	113440000	30	30	boundary,domain
chr12	113440000	113960000	30	30	domain
chr12	113960000	114640000	30	28	
chr12	114640000	115760000	28	15	domain
chr12	115760000	115960000	15	30	boundary,domain
chr12	115960000	116720000	30	30	domain
chr12	116720000	117000000	30	23	boundary,domain
chr12	117000000	117160000	23	30	boundary,domain
chr12	117160000	117880000	30	30	domain
chr12	117880000	118040000	30	27	
chr12	118040000	118400000	27	30	boundary,domain
chr12	118400000	119680000	30	30	
chr12	119680000	120120000	30	30	boundary,domain
chr12	120120000	120200000	30	29	
chr12	120200000	120280000	29	30	boundary,domain
chr12	120280000	120440000	30	19	
chr12	120440000	120560000	19	18	
chr12	120560000	121240000	18	30	
chr12	121240000	121440000	30	30	boundary,domain
chr12	121440000	121680000	30	30	boundary,domain
chr12	121680000	121920000	30	30	boundary,domain
chr12	121920000	122040000	30	29	boundary,domain
chr12	122040000	122240000	29	30	boundary,domain
chr12	122240000	122520000	30	30	boundary,domain
chr12	122520000	122760000	30	30	boundary,domain
chr12	122760000	122960000	30	28	boundary,domain
chr12	122960000	123240000	28	25	
chr12	123240000	123640000	25	30	boundary,domain
chr12	123640000	124000000	30	30	boundary,domain
chr12	124000000	124960000	30	27	
chr12	124960000	125120000	27	27	
chr12	125120000	126720000	27	16	
chr12	126720000	128240000	16	11	
chr12	128240000	129040000	11	30	domain
chr12	129040000	129120000	30	30	gap
chr12	129120000	130000000	30	19	domain
chr12	130000000	131200000	19	30	domain
chr12	131200000	131320000	30	30	gap
chr12	131320000	131600000	30	30	domain
chr12	131600000	131680000	30	30	gap
chr12	131680000	132120000	30	30	
chr12	132120000	132560000	30	30	gap
chr12	132560000	133275309	30	30	
chr13	16000000	18880000	30	30	gap
chr13	18880000	19400000	30	30	domain
chr13	19400000	19520000	30	30	gap
chr13	19520000	20160000	30	13	domain
chr13	20160000	20960000	13	15	domain
chr13	20960000	21200000	15	14	domain
chr13	21200000	21600000	14	30	boundary,domain
chr13	21600000	22800000	30	27	domain
chr13	22800000	23360000	27	15	domain
chr13	23360000	23920000	15	27	domain
chr13	23920000	24560000	27	17	domain
chr13	24560000	25000000	17	28	
chr13	25000000	25360000	28	18	
chr13	25360000	26120000	18	22	domain
chr13	26120000	26720000	22	14	domain
chr13	26720000	26920000	14	30	
chr13	26920000	27360000	30	16	domain
chr13	27360000	28000000	16	30	
chr13	28000000	28680000	30	20	
chr13	28680000	29440000	20	30	
chr13	29440000	30120000	30	19	
chr13	30120000	31160000	19	30	domain
chr13	31160000	31840000	30	19	domain
chr13	31840000	32560000	19	26	
chr13	32560000	33800000	26	28	
chr13	33800000	35200000	28	30	domain
chr13	35200000	35960000	30	30	boundary,domain
chr13	35960000	36280000	30	26	boundary,domain
chr13	36280000	36400000	26	11	boundary,domain
chr13	36400000	36840000	11	30	domain
chr13	36840000	37080000	30	30	
chr13	37080000	37640000	30	30	boundary,domain
chr13	37640000	38480000	30	12	domain
chr13	38480000	38640000	12	20	boundary,domain
chr13	38640000	38960000	20	24	boundary,domain
chr13	38960000	39680000	24	30	boundary,domain
chr13	39680000	39960000	30	3	boundary,domain
chr13	39960000	40760000	3	30	domain
chr13	40760000	41080000	30	30	boundary,domain
chr13	41080000	41320000	30	30	
chr13	41320000	42280000	30	30	
chr13	42280000	42600000	30	30	boundary,domain
chr13	42600000	43120000	30	16	
chr13	43120000	43880000	16	30	
chr13	43880000	44480000	30	20	
chr13	44480000	45000000	20	30	domain
chr13	45000000	45320000	30	23	boundary,domain
chr13	45320000	45480000	23	13	
chr13	45480000	46400000	13	30	domain
chr13	46400000	46440000	30	30	gap
chr13	46440000	47840000	30	23	domain
chr13	47840000	48040000	23	26	
chr13	48040000	48600000	26	27	domain
chr13	48600000	48800000	27	30	boundary,domain
chr13	48800000	49280000	30	30	boundary,domain
chr13	49280000	49640000	30	30	boundary,domain
chr13	49640000	49880000	30	22	
chr13	49880000	51120000	22	24	
chr13	51120000	51280000	24	12	
chr13	51280000	52200000	12	30	domain
chr13	52200000	52320000	30	30	gap
chr13	52320000	52480000	30	30	domain
chr13	52480000	52600000	30	30	gap
chr13	52600000	55280000	30	30	domain
chr13	55280000	56320000	30	12	domain
chr13	56320000	56440000	12	12	boundary,domain
chr13	56440000	57280000	12	29	
chr13	57280000	57600000	29	30	
chr13	57600000	59360000	30	30	domain
chr13	59360000	59640000	30	18	boundary,domain
chr13	59640000	60440000	18	30	domain
chr13	60440000	60600000	30	17	
chr13	60600000	61280000	17	13	
chr13	61280000	62000000	13	30	domain
chr13	62000000	62360000	30	30	boundary,domain
chr13	62360000	63760000	30	30	domain
chr13	63760000	63840000	30	30	gap
chr13	63840000	65640000	30	30	domain
chr13	65640000	67560000	30	30	
chr13	67560000	75400000	30	30	gap
chr13	75400000	76960000	30	30	domain
chr13	76960000	77600000	30	26	domain
chr13	77600000	77760000	26	30	
chr13	77760000	78120000	30	30	boundary,domain
chr13	78120000	79000000	30	13	domain
chr13	79000000	79400000	13	30	
chr13	79400000	79600000	30	30	boundary,domain
chr13	79600000	80400000	30	16	
chr13	80400000	81000000	16	29	domain
chr13	81000000	81920000	29	30	domain
chr13	81920000	82320000	30	30	boundary,domain
chr13	82320000	84840000	30	30	domain
chr13	84840000	86200000	30	30	domain
chr13	86200000	86280000	30	30	gap
chr13	86280000	87280000	30	22	domain
chr13	87280000	87680000	22	28	boundary,domain
chr13	87680000	87960000	28	17	boundary,domain
chr13	87960000	89080000	17	13	domain
chr13	89080000	90880000	13	23	domain
chr13	90880000	91080000	23	30	
chr13	91080000	91320000	30	30	boundary
chr13	91320000	91800000	30	30	boundary,domain
chr13	91800000	92120000	30	29	
chr13	92120000	93200000	29	17	
chr13	93200000	94440000	17	30	domain
chr13	94440000	94640000	30	30	
chr13	94640000	95480000	30	30	
chr13	95480000	96000000	30	30	boundary,domain
chr13	96000000	97000000	30	30	domain
chr13	97000000	97840000	30	30	boundary,domain
chr13	97840000	98000000	30	30	
chr13	98000000	98440000	30	30	domain
chr13	98440000	98680000	30	9	domain
chr13	98680000	98840000	9	30	boundary,domain
chr13	98840000	99160000	30	28	boundary,domain
chr13	99160000	99440000	28	27	boundary,domain
chr13	99440000	100560000	27	30	
chr13	100560000	101120000	30	30	boundary,domain
chr13	101120000	101880000	30	23	domain
chr13	101880000	102120000	23	16	
chr13	102120000	102560000	16	30	domain
chr13	102560000	102880000	30	30	boundary,domain
chr13	102880000	103840000	30	23	
chr13	103840000	106560000	23	30	domain
chr13	106560000	107160000	30	30	boundary,domain
chr13	107160000	108200000	30	30	
chr13	108200000	108920000	30	30	boundary,domain
chr13	108920000	110160000	30	30	domain
chr13	110160000	110440000	30	30	boundary,domain
chr13	110440000	110560000	30	20	boundary,domain
chr13	110560000	110920000	20	18	domain
chr13	110920000	111680000	18	30	
chr13	111680000	111840000	30	30	gap
chr13	111840000	112280000	30	30	domain
chr13	112280000	112320000	30	30	gap
chr13	112320000	113080000	30	30	domain
chr13	113080000	113120000	30	30	gap
chr13	113120000	113600000	30	30	
chr13	113600000	113720000	30	30	gap
chr13	113720000	114120000	30	30	domain
chr13	114120000	114360000	30	30	domain
chr14	16080000	20120000	30	30	gap
chr14	20120000	21000000	30	19	boundary,domain
chr14	21000000	21160000	19	24	
chr14	21160000	21600000	24	30	
chr14	21600000	21840000	30	29	
chr14	21840000	22200000	29	29	
chr14	22200000	22520000	29	30	
chr14	22520000	22920000	30	23	boundary,domain
chr14	22920000	23240000	23	4	
chr14	23240000	23320000	4	13	
chr14	23320000	23960000	13	30	
chr14	23960000	24040000	30	30	gap
chr14	24040000	24480000	30	30	domain
chr14	24480000	24520000	30	30	gap
chr14	24520000	25280000	30	3	domain
chr14	25280000	25400000	3	19	
chr14	25400000	27000000	19	13	domain
chr14	27000000	27760000	13	30	domain
chr14	27760000	27840000	30	30	gap
chr14	27840000	28640000	30	17	domain
chr14	28640000	29520000	17	18	
chr14	29520000	30360000	18	21	domain
chr14	30360000	30560000	21	30	
chr14	30560000	31440000	30	30	boundary,domain
chr14	31440000	32560000	30	30	domain
chr14	32560000	33640000	30	2	domain
chr14	33640000	33800000	2	30	
chr14	33800000	34360000	30	30	boundary,domain
chr14	34360000	34560000	30	30	
chr14	34560000	35440000	30	30	domain
chr14	35440000	35840000	30	30	boundary,domain
chr14	35840000	36600000	30	19	
chr14	36600000	37200000	19	30	domain
chr14	37200000	37600000	30	30	boundary,domain
chr14	37600000	37880000	30	30	boundary,domain
chr14	37880000	39080000	30	30	domain
chr14	39080000	39440000	30	30	boundary,domain
chr14	39440000	41800000	30	10	
chr14	41800000	41920000	10	1	
chr14	41920000	44880000	1	29	domain
chr14	44880000	45280000	29	30	boundary,domain
chr14	45280000	45560000	30	23	
chr14	45560000	46000000	23	16	domain
chr14	46000000	46480000	16	18	
chr14	46480000	47320000	18	18	
chr14	47320000	49600000	18	30	domain
chr14	49600000	49840000	30	30	boundary,domain
chr14	49840000	50280000	30	21	boundary,domain
chr14	50280000	50560000	21	27	domain
chr14	50560000	50920000	27	30	boundary,domain
chr14	50920000	51240000	30	30	boundary,domain
chr14	51240000	51800000	30	26	domain
chr14	51800000	52000000	26	30	boundary,domain
chr14	52000000	52760000	30	15	
chr14	52760000	53320000	15	30	
chr14	53320000	54400000	30	30	domain
chr14	54400000	54960000	30	29	
chr14	54960000	55200000	29	29	boundary,domain
chr14	55200000	55400000	29	30	
chr14	55400000	55680000	30	16	domain
chr14	55680000	56480000	16	30	domain
chr14	56480000	57440000	30	30	domain
chr14	57440000	58240000	30	24	
chr14	58240000	58440000	24	30	
chr14	58440000	59120000	30	13	
chr14	59120000	59480000	13	30	domain
chr14	59480000	60200000	30	30	boundary,domain
chr14	60200000	60600000	30	18	domain
chr14	60600000	61280000	18	30	domain
chr14	61280000	61440000	30	27	
chr14	61440000	61880000	27	30	boundary,domain
chr14	61880000	62160000	30	30	boundary,domain
chr14	62160000	63320000	30	30	domain
chr14	63320000	64360000	30	30	
chr14	64360000	64800000	30	28	boundary,domain
chr14	64800000	64960000	28	29	
chr14	64960000	66080000	29	10	
chr14	66080000	66360000	10	29	
chr14	66360000	67160000	29	30	domain
chr14	67160000	67360000	30	30	boundary,domain
chr14	67360000	67600000	30	8	boundary,domain
chr14	67600000	67800000	8	30	
chr14	67800000	68840000	30	30	domain
chr14	68840000	69120000	30	30	boundary,domain
chr14	69120000	69520000	30	30	boundary,domain
chr14	69520000	69800000	30	30	boundary,domain
chr14	69800000	70600000	30	30	
chr14	70600000	70840000	30	23	boundary,domain
chr14	70840000	71080000	23	30	
chr14	71080000	71760000	30	14	domain
chr14	71760000	72480000	14	30	domain
chr14	72480000	72960000	30	30	boundary,domain
chr14	72960000	73480000	30	15	domain
chr14	73480000	73680000	15	16	boundary,domain
chr14	73680000	74080000	16	30	domain
chr14	74080000	74280000	30	30	boundary,domain
chr14	74280000	74520000	30	30	boundary,domain
chr14	74520000	74880000	30	30	boundary,domain
chr14	74880000	75080000	30	30	boundary,domain
chr14	75080000	75560000	30	27	boundary,domain
chr14	75560000	75680000	27	28	boundary,domain
chr14	75680000	76000000	28	22	boundary,domain
chr14	76000000	76840000	22	30	
chr14	76840000	77120000	30	30	boundary,domain
chr14	77120000	77320000	30	28	boundary,domain
chr14	77320000	77640000	28	25	boundary,domain
chr14	77640000	77800000	25	30	
chr14	77800000	78880000	30	30	
chr14	78880000	80040000	30	15	domain
chr14	80040000	80920000	15	30	domain
chr14	80920000	81200000	30	30	boundary,domain
chr14	81200000	81520000	30	30	boundary,domain
chr14	81520000	82720000	30	15	domain
chr14	82720000	83280000	15	30	
chr14	83280000	86080000	30	30	domain
chr14	86080000	86920000	30	23	
chr14	86920000	87920000	23	30	boundary,domain
chr14	87920000	89000000	30	30	
chr14	89000000	89960000	30	30	domain
chr14	89960000	90280000	30	30	boundary,domain
chr14	90280000	90800000	30	30	domain
chr14	90800000	91320000	30	29	
chr14	91320000	91440000	29	29	boundary,domain
chr14	91440000	92040000	29	26	domain
chr14	92040000	92800000	26	30	
chr14	92800000	93200000	30	30	boundary,domain
chr14	93200000	93640000	30	21	domain
chr14	93640000	94040000	21	27	
chr14	94040000	94360000	27	23	boundary,domain
chr14	94360000	94560000	23	28	boundary,domain
chr14	94560000	94680000	28	15	boundary,domain
chr14	94680000	95560000	15	30	
chr14	95560000	96080000	30	14	boundary,domain
chr14	96080000	96280000	14	24	boundary,domain
chr14	96280000	96520000	24	30	boundary,domain
chr14	96520000	96920000	30	24	boundary,domain
chr14	96920000	99320000	24	30	
chr14	99320000	99640000	30	23	
chr14	99640000	99960000	23	26	boundary,domain
chr14	99960000	100240000	26	30	boundary,domain
chr14	100240000	100680000	30	30	boundary,domain
chr14	100680000	101680000	30	30	
chr14	101680000	101960000	30	29	boundary,domain
chr14	101960000	102360000	29	30	boundary,domain
chr14	102360000	102520000	30	22	boundary,domain
chr14	102520000	103040000	22	26	domain
chr14	103040000	103360000	26	9	
chr14	103360000	103560000	9	30	
chr14	103560000	103720000	30	15	boundary,domain
chr14	103720000	104080000	15	30	boundary,domain
chr14	104080000	104720000	30	15	domain
chr14	104720000	105560000	15	30	
chr14	105560000	106360000	30	30	gap
chr14	106360000	106680000	30	30	domain
chr14	106680000	106920000	30	30	gap
chr15	17000000	22760000	30	30	gap
chr15	22760000	23120000	30	30	domain
chr15	23120000	23400000	30	30	gap
chr15	23400000	24160000	30	30	domain
chr15	24160000	24560000	30	30	gap
chr15	24560000	25520000	30	21	domain
chr15	25520000	26880000	21	30	
chr15	26880000	27000000	30	17	
chr15	27000000	28200000	17	30	domain
chr15	28200000	28840000	30	30	gap
chr15	28840000	30080000	30	30	domain
chr15	30080000	30840000	30	30	gap
chr15	30840000	31600000	30	30	domain
chr15	31600000	31720000	30	30	gap
chr15	31720000	32160000	30	30	domain
chr15	32160000	32640000	30	30	gap
chr15	32640000	33720000	30	13	domain
chr15	33720000	34400000	13	30	domain
chr15	34400000	34560000	30	30	gap
chr15	34560000	37960000	30	30	domain
chr15	37960000	38440000	30	30	boundary,domain
chr15	38440000	38680000	30	30	
chr15	38680000	39800000	30	27	domain
chr15	39800000	40040000	27	30	
chr15	40040000	40280000	30	30	boundary,domain
chr15	40280000	40440000	30	30	boundary,domain
chr15	40440000	40920000	30	30	boundary,domain
chr15	40920000	41040000	30	24	
chr15	41040000	41400000	24	30	boundary,domain
chr15	41400000	41840000	30	21	boundary,domain
chr15	41840000	41960000	21	28	boundary,domain
chr15	41960000	42080000	28	28	boundary,domain
chr15	42080000	42680000	28	19	
chr15	42680000	43560000	19	30	domain
chr15	43560000	43720000	30	30	gap
chr15	43720000	45040000	30	30	domain
chr15	45040000	45080000	30	30	gap
chr15	45080000	47160000	30	30	
chr15	47160000	48320000	30	30	domain
chr15	48320000	48840000	30	27	boundary,domain
chr15	48840000	49440000	27	11	domain
chr15	49440000	50160000	11	30	domain
chr15	50160000	50360000	30	30	
chr15	50360000	50920000	30	30	boundary,domain
chr15	50920000	51080000	30	26	boundary,domain
chr15	51080000	51520000	26	30	boundary,domain
chr15	51520000	51800000	30	30	boundary,domain
chr15	51800000	52240000	30	30	boundary,domain
chr15	52240000	52760000	30	30	boundary,domain
chr15	52760000	53760000	30	30	domain
chr15	53760000	55200000	30	30	domain
chr15	55200000	55320000	30	22	boundary
chr15	55320000	55920000	22	26	boundary,domain
chr15	55920000	56240000	26	23	boundary,domain
chr15	56240000	56480000	23	30	boundary,domain
chr15	56480000	57320000	30	30	domain
chr15	57320000	57560000	30	30	boundary,domain
chr15	57560000	58200000	30	30	boundary,domain
chr15	58200000	58920000	30	23	domain
chr15	58920000	59520000	23	26	domain
chr15	59520000	59680000	26	30	boundary,domain
chr15	59680000	60360000	30	30	domain
chr15	60360000	60520000	30	30	boundary
chr15	60520000	61120000	30	23	domain
chr15	61120000	61840000	23	30	domain
chr15	61840000	62080000	30	22	boundary,domain
chr15	62080000	62760000	22	30	
chr15	62760000	63120000	30	30	boundary,domain
chr15	63120000	63600000	30	30	boundary,domain
chr15	63600000	64160000	30	30	
chr15	64160000	64360000	30	21	
chr15	64360000	64720000	21	30	domain
chr15	64720000	65000000	30	28	boundary,domain
chr15	65000000	65320000	28	30	boundary,domain
chr15	65320000	65400000	30	29	boundary,domain
chr15	65400000	65600000	29	30	boundary,domain
chr15	65600000	66360000	30	30	domain
chr15	66360000	66520000	30	30	
chr15	66520000	66880000	30	30	boundary,domain
chr15	66880000	67840000	30	16	domain
chr15	67840000	68240000	16	30	domain
chr15	68240000	68520000	30	26	
chr15	68520000	69040000	26	25	
chr15	69040000	69440000	25	30	boundary,domain
chr15	69440000	70520000	30	28	domain
chr15	70520000	70880000	28	16	boundary,domain
chr15	70880000	71480000	16	13	domain
chr15	71480000	72640000	13	30	domain
chr15	72640000	72680000	30	30	gap
chr15	72680000	74040000	30	30	domain
chr15	74040000	74120000	30	30	gap
chr15	74120000	75240000	30	30	domain
chr15	75240000	75320000	30	30	gap
chr15	75320000	75680000	30	30	domain
chr15	75680000	75720000	30	30	gap
chr15	75720000	77040000	30	18	domain
chr15	77040000	77880000	18	30	domain
chr15	77880000	77920000	30	30	gap
chr15	77920000	78720000	30	30	domain
chr15	78720000	78800000	30	30	gap
chr15	78800000	80400000	30	30	
chr15	80400000	81000000	30	30	boundary,domain
chr15	81000000	81280000	30	22	boundary,domain
chr15	81280000	81440000	22	17	boundary,domain
chr15	81440000	82320000	17	30	domain
chr15	82320000	82520000	30	30	gap
chr15	82520000	83240000	30	7	
chr15	83240000	83440000	7	11	domain
chr15	83440000	84120000	11	30	
chr15	84120000	84560000	30	30	gap
chr15	84560000	85200000	30	30	domain
chr15	85200000	85280000	30	30	gap
chr15	85280000	88440000	30	30	
chr15	88440000	88640000	30	22	boundary,domain
chr15	88640000	88880000	22	29	boundary,domain
chr15	88880000	89040000	29	15	boundary,domain
chr15	89040000	89320000	15	30	boundary,domain
chr15	89320000	89480000	30	16	
chr15	89480000	89560000	16	16	
chr15	89560000	89640000	16	30	
chr15	89640000	90080000	30	20	
chr15	90080000	90280000	20	23	boundary,domain
chr15	90280000	90960000	23	30	
chr15	90960000	91280000	30	30	boundary,domain
chr15	91280000	92080000	30	24	domain
chr15	92080000	92400000	24	19	boundary,domain
chr15	92400000	92760000	19	30	boundary,domain
chr15	92760000	93000000	30	30	
chr15	93000000	94120000	30	30	
chr15	94120000	94560000	30	29	
chr15	94560000	95240000	29	14	domain
chr15	95240000	96360000	14	19	domain
chr15	96360000	97840000	19	30	domain
chr15	97840000	98280000	30	28	
chr15	98280000	98440000	28	30	
chr15	98440000	99080000	30	15	domain
chr15	99080000	99800000	15	30	
chr15	99800000	99840000	30	30	gap
chr15	99840000	100600000	30	16	
chr15	100600000	101000000	16	16	
chr15	101000000	101760000	16	30	
chr15	101760000	101991189	30	30	gap
chr16	0	40000	30	30	gap
chr16	40000	680000	30	13	
chr16	680000	1120000	13	13	
chr16	1120000	1240000	13	16	boundary,domain
chr16	1240000	1320000	16	7	
chr16	1320000	2080000	7	30	domain
chr16	2080000	2120000	30	30	gap
chr16	2120000	2560000	30	30	domain
chr16	2560000	2680000	30	30	gap
chr16	2680000	3520000	30	18	domain
chr16	3520000	3640000	18	16	
chr16	3640000	4440000	16	15	domain
chr16	4440000	5240000	15	30	
chr16	5240000	5280000	30	30	gap
chr16	5280000	6680000	30	23	domain
chr16	6680000	8560000	23	30	
chr16	8560000	9160000	30	26	
chr16	9160000	10200000	26	30	domain
chr16	10200000	10760000	30	26	
chr16	10760000	10920000	26	30	
chr16	10920000	11360000	30	22	
chr16	11360000	11880000	22	30	boundary,domain
chr16	11880000	12080000	30	30	boundary,domain
chr16	12080000	12280000	30	28	
chr16	12280000	13880000	28	17	
chr16	13880000	14680000	17	30	domain
chr16	14680000	15400000	30	30	gap
chr16	15400000	16200000	30	30	domain
chr16	16200000	16760000	30	30	gap
chr16	16760000	18080000	30	30	domain
chr16	18080000	18920000	30	30	gap
chr16	18920000	19560000	30	13	domain
chr16	19560000	20440000	13	30	domain
chr16	20440000	20600000	30	30	gap
chr16	20600000	21360000	30	30	domain
chr16	21360000	21520000	30	30	gap
chr16	21520000	21720000	30	30	domain
chr16	21720000	21920000	30	30	gap
chr16	21920000	22440000	30	30	domain
chr16	22440000	22600000	30	30	gap
chr16	22600000	23680000	30	21	
chr16	23680000	24520000	21	22	domain
chr16	24520000	25240000	22	30	domain
chr16	25240000	27160000	30	26	domain
chr16	27160000	27480000	26	18	
chr16	27480000	28320000	18	30	domain
chr16	28320000	28480000	30	30	gap
chr16	28480000	28640000	30	30	domain
chr16	28640000	28800000	30	30	gap
chr16	28800000	29040000	30	30	domain
chr16	29040000	29640000	30	30	gap
chr16	29640000	30200000	30	30	domain
chr16	30200000	30320000	30	30	gap
chr16	30320000	30960000	30	13	
chr16	30960000	31960000	13	30	
chr16	31960000	35120000	30	30	gap
chr16	35120000	35640000	30	30	domain
chr16	35640000	35760000	30	30	gap
chr16	35760000	35920000	30	30	domain
chr16	35920000	46480000	30	30	gap
chr16	46480000	48200000	30	30	domain
chr16	48200000	48640000	30	30	
chr16	48640000	49400000	30	30	domain
chr16	49400000	49920000	30	30	boundary,domain
chr16	49920000	50840000	30	30	
chr16	50840000	52040000	30	30	
chr16	52040000	53040000	30	30	domain
chr16	53040000	53520000	30	30	boundary,domain
chr16	53520000	55000000	30	16	domain
chr16	55000000	55760000	16	30	domain
chr16	55760000	55800000	30	30	gap
chr16	55800000	56960000	30	26	
chr16	56960000	57240000	26	28	boundary,domain
chr16	57240000	57560000	28	30	boundary,domain
chr16	57560000	57760000	30	27	boundary,domain
chr16	57760000	57880000	27	22	boundary,domain
chr16	57880000	58000000	22	21	boundary,domain
chr16	58000000	58320000	21	30	boundary,domain
chr16	58320000	58520000	30	30	boundary,domain
chr16	58520000	58760000	30	30	boundary,domain
chr16	58760000	61000000	30	13	domain
chr16	61000000	62160000	13	30	domain
chr16	62160000	63320000	30	30	domain
chr16	63320000	64080000	30	18	domain
chr16	64080000	65160000	18	30	domain
chr16	65160000	66320000	30	30	
chr16	66320000	66880000	30	30	boundary,domain
chr16	66880000	67200000	30	30	boundary,domain
chr16	67200000	67480000	30	30	
chr16	67480000	68080000	30	28	
chr16	68080000	68240000	28	30	boundary,domain
chr16	68240000	68360000	30	29	boundary,domain
chr16	68360000	68520000	29	30	boundary,domain
chr16	68520000	69160000	30	17	domain
chr16	69160000	69320000	17	13	
chr16	69320000	69960000	13	30	domain
chr16	69960000	70240000	30	30	gap
chr16	70240000	70800000	30	30	domain
chr16	70800000	71160000	30	30	gap
chr16	71160000	72080000	30	21	
chr16	72080000	74360000	21	30	domain
chr16	74360000	74560000	30	30	gap
chr16	74560000	75440000	30	18	domain
chr16	75440000	75640000	18	23	boundary,domain
chr16	75640000	75760000	23	26	
chr16	75760000	77200000	26	30	domain
chr16	77200000	78040000	30	30	
chr16	78040000	80520000	30	30	domain
chr16	80520000	81040000	30	30	
chr16	81040000	81760000	30	30	boundary,domain
chr16	81760000	81880000	30	30	boundary,domain
chr16	81880000	82600000	30	30	boundary,domain
chr16	82600000	83480000	30	30	domain
chr16	83480000	83920000	30	30	boundary,domain
chr16	83920000	84080000	30	28	boundary,domain
chr16	84080000	84520000	28	30	boundary,domain
chr16	84520000	84760000	30	28	boundary,domain
chr16	84760000	85000000	28	27	boundary,domain
chr16	85000000	85800000	27	30	boundary,domain
chr16	85800000	86040000	30	30	boundary,domain
chr16	86040000	86560000	30	23	domain
chr16	86560000	87320000	23	16	
chr16	87320000	88080000	16	30	
chr16	88080000	88280000	30	30	gap
chr16	88280000	89240000	30	17	domain
chr16	89240000	90080000	17	30	domain
chr16	90080000	90240000	30	30	gap
chr17	80000	160000	30	30	gap
chr17	160000	440000	30	30	domain
chr17	440000	480000	30	30	gap
chr17	480000	1200000	30	14	
chr17	1200000	1680000	14	26	
chr17	1680000	1840000	26	13	boundary,domain
chr17	1840000	2360000	13	29	domain
chr17	2360000	2720000	29	30	boundary,domain
chr17	2720000	3040000	30	13	
chr17	3040000	3680000	13	30	domain
chr17	3680000	3840000	30	14	
chr17	3840000	4080000	14	15	boundary,domain
chr17	4080000	4160000	15	30	
chr17	4160000	4440000	30	14	domain
chr17	4440000	4560000	14	20	boundary,domain
chr17	4560000	4680000	20	23	boundary,domain
chr17	4680000	5000000	23	19	boundary,domain
chr17	5000000	5080000	19	29	boundary,domain
chr17	5080000	5480000	29	30	boundary,domain
chr17	5480000	6440000	30	21	domain
chr17	6440000	6640000	21	15	boundary,domain
chr17	6640000	7440000	15	30	domain
chr17	7440000	7520000	30	30	gap
chr17	7520000	8400000	30	19	boundary,domain
chr17	8400000	8880000	19	26	
chr17	8880000	9800000	26	23	
chr17	9800000	10640000	23	30	
chr17	10640000	12000000	30	30	
chr17	12000000	12120000	30	26	
chr17	12120000	13040000	26	30	domain
chr17	13040000	15520000	30	30	
chr17	15520000	15880000	30	30	gap
chr17	15880000	16680000	30	30	domain
chr17	16680000	16880000	30	30	gap
chr17	16880000	18400000	30	30	domain
chr17	18400000	18840000	30	30	gap
chr17	18840000	19040000	30	30	domain
chr17	19040000	19240000	30	30	gap
chr17	19240000	20320000	30	30	domain
chr17	20320000	20880000	30	30	gap
chr17	20880000	21320000	30	30	domain
chr17	21320000	22120000	30	30	gap
chr17	22120000	22320000	30	30	domain
chr17	22320000	27200000	30	30	gap
chr17	27200000	28360000	30	26	domain
chr17	28360000	28560000	26	30	boundary,domain
chr17	28560000	28720000	30	30	boundary,domain
chr17	28720000	28960000	30	30	boundary,domain
chr17	28960000	29120000	30	28	boundary,domain
chr17	29120000	29280000	28	27	boundary,domain
chr17	29280000	29560000	27	19	domain
chr17	29560000	30600000	19	30	domain
chr17	30600000	30680000	30	30	gap
chr17	30680000	31400000	30	13	domain
chr17	31400000	32040000	13	30	
chr17	32040000	32080000	30	30	gap
chr17	32080000	33000000	30	20	domain
chr17	33000000	33760000	20	14	
chr17	33760000	34400000	14	21	domain
chr17	34400000	35120000	21	20	domain
chr17	35120000	36160000	20	30	domain
chr17	36160000	36440000	30	30	gap
chr17	36440000	37880000	30	30	domain
chr17	37880000	38320000	30	30	gap
chr17	38320000	39200000	30	19	domain
chr17	39200000	39520000	19	26	
chr17	39520000	40000000	26	24	domain
chr17	40000000	40200000	24	17	boundary,domain
chr17	40200000	40360000	17	13	boundary,domain
chr17	40360000	41080000	13	30	
chr17	41080000	41120000	30	30	gap
chr17	41120000	41920000	30	17	
chr17	41920000	42560000	17	19	
chr17	42560000	42680000	19	11	
chr17	42680000	42840000	11	20	boundary,domain
chr17	42840000	43000000	20	20	boundary,domain
chr17	43000000	43240000	20	30	domain
chr17	43240000	43280000	30	30	gap
chr17	43280000	43920000	30	30	
chr17	43920000	44200000	30	30	gap
chr17	44200000	44360000	30	30	domain
chr17	44360000	44400000	30	30	gap
chr17	44400000	45440000	30	30	domain
chr17	45440000	45560000	30	30	gap
chr17	45560000	46280000	30	30	domain
chr17	46280000	46720000	30	30	gap
chr17	46720000	47000000	30	30	domain
chr17	47000000	47080000	30	30	gap
chr17	47080000	47480000	30	30	domain
chr17	47480000	47600000	30	30	gap
chr17	47600000	48640000	30	22	
chr17	48640000	48800000	22	7	
chr17	48800000	49040000	7	30	boundary,domain
chr17	49040000	49240000	30	29	boundary,domain
chr17	49240000	49400000	29	25	boundary,domain
chr17	49400000	49560000	25	24	boundary,domain
chr17	49560000	49840000	24	30	domain
chr17	49840000	50120000	30	29	boundary,domain
chr17	50120000	50360000	29	30	boundary,domain
chr17	50360000	50480000	30	27	
chr17	50480000	50760000	27	25	boundary,domain
chr17	50760000	51000000	25	21	boundary,domain
chr17	51000000	51200000	21	29	boundary,domain
chr17	51200000	51280000	29	30	
chr17	51280000	54960000	30	30	domain
chr17	54960000	55840000	30	23	domain
chr17	55840000	56800000	23	30	domain
chr17	56800000	56960000	30	28	boundary,domain
chr17	56960000	57120000	28	30	boundary,domain
chr17	57120000	57840000	30	20	domain
chr17	57840000	58200000	20	30	boundary,domain
chr17	58200000	58520000	30	30	boundary,domain
chr17	58520000	59160000	30	15	domain
chr17	59160000	59960000	15	30	domain
chr17	59960000	60040000	30	30	gap
chr17	60040000	60680000	30	13	domain
chr17	60680000	61400000	13	16	domain
chr17	61400000	61600000	16	13	boundary,domain
chr17	61600000	62240000	13	30	domain
chr17	62240000	62280000	30	30	gap
chr17	62280000	63440000	30	26	domain
chr17	63440000	63840000	26	20	boundary,domain
chr17	63840000	64800000	20	30	domain
chr17	64800000	64920000	30	30	gap
chr17	64920000	66200000	30	23	domain
chr17	66200000	66680000	23	27	domain
chr17	66680000	67360000	27	16	
chr17	67360000	67960000	16	30	
chr17	67960000	68480000	30	29	boundary,domain
chr17	68480000	68760000	29	14	boundary,domain
chr17	68760000	69560000	14	13	domain
chr17	69560000	70640000	13	30	domain
chr17	70640000	72560000	30	30	domain
chr17	72560000	73200000	30	30	
chr17	73200000	73400000	30	25	boundary,domain
chr17	73400000	74240000	25	30	domain
chr17	74240000	74640000	30	27	
chr17	74640000	74880000	27	30	boundary,domain
chr17	74880000	75240000	30	30	boundary,domain
chr17	75240000	75520000	30	20	boundary,domain
chr17	75520000	75600000	20	27	
chr17	75600000	75760000	27	30	boundary,domain
chr17	75760000	75880000	30	27	
chr17	75880000	76320000	27	30	
chr17	76320000	76520000	30	20	boundary,domain
chr17	76520000	76720000	20	30	boundary,domain
chr17	76720000	77280000	30	21	
chr17	77280000	78080000	21	30	domain
chr17	78080000	78240000	30	30	
chr17	78240000	78840000	30	30	
chr17	78840000	79000000	30	30	boundary,domain
chr17	79000000	79720000	30	30	domain
chr17	79720000	80400000	30	22	domain
chr17	80400000	81000000	22	16	domain
chr17	81000000	81120000	16	9	
chr17	81120000	81760000	9	30	
chr17	81760000	81800000	30	30	gap
chr17	81800000	83200000	30	30	domain
chr17	83200000	83257441	30	30	gap
chr18	40000	120000	30	30	gap
chr18	120000	840000	30	15	
chr18	840000	1560000	15	18	domain
chr18	1560000	2560000	18	30	
chr18	2560000	3280000	30	24	
chr18	3280000	3680000	24	30	boundary,domain
chr18	3680000	4040000	30	30	
chr18	4040000	5080000	30	30	domain
chr18	5080000	5840000	30	30	boundary,domain
chr18	5840000	6920000	30	17	domain
chr18	6920000	7040000	17	26	
chr18	7040000	7200000	26	30	boundary,domain
chr18	7200000	8520000	30	11	domain
chr18	8520000	8640000	11	27	boundary,domain
chr18	8640000	9040000	27	29	boundary,domain
chr18	9040000	9560000	29	23	domain
chr18	9560000	9760000	23	7	boundary,domain
chr18	9760000	9960000	7	13	boundary,domain
chr18	9960000	10600000	13	30	domain
chr18	10600000	10640000	30	30	gap
chr18	10640000	11600000	30	30	domain
chr18	11600000	11640000	30	30	gap
chr18	11640000	12160000	30	30	domain
chr18	12160000	12240000	30	30	gap
chr18	12240000	12960000	30	15	
chr18	12960000	14120000	15	30	
chr18	14120000	20960000	30	30	gap
chr18	20960000	21600000	30	13	
chr18	21600000	21880000	13	19	boundary,domain
chr18	21880000	22760000	19	30	domain
chr18	22760000	23000000	30	30	boundary,domain
chr18	23000000	23480000	30	30	boundary,domain
chr18	23480000	24160000	30	30	boundary,domain
chr18	24160000	24480000	30	30	boundary,domain
chr18	24480000	24760000	30	30	boundary,domain
chr18	24760000	25480000	30	14	domain
chr18	25480000	25920000	14	30	boundary,domain
chr18	25920000	26240000	30	30	boundary,domain
chr18	26240000	27000000	30	25	domain
chr18	27000000	27400000	25	10	boundary,domain
chr18	27400000	27600000	10	30	
chr18	27600000	28240000	30	16	domain
chr18	28240000	28920000	16	20	
chr18	28920000	29840000	20	30	
chr18	29840000	30960000	30	30	domain
chr18	30960000	31560000	30	16	domain
chr18	31560000	31840000	16	18	boundary,domain
chr18	31840000	32000000	18	7	boundary,domain
chr18	32000000	32120000	7	30	
chr18	32120000	32600000	30	30	boundary,domain
chr18	32600000	33160000	30	30	boundary
chr18	33160000	33800000	30	30	domain
chr18	33800000	34080000	30	30	boundary,domain
chr18	34080000	34640000	30	22	boundary,domain
chr18	34640000	34840000	22	30	
chr18	34840000	35200000	30	30	boundary,domain
chr18	35200000	35360000	30	30	boundary,domain
chr18	35360000	35720000	30	28	boundary,domain
chr18	35720000	35960000	28	24	boundary,domain
chr18	35960000	36640000	24	13	domain
chr18	36640000	36840000	13	30	
chr18	36840000	37400000	30	28	
chr18	37400000	37560000	28	30	
chr18	37560000	40320000	30	13	
chr18	40320000	42000000	13	30	
chr18	42000000	43600000	30	30	
chr18	43600000	45240000	30	9	domain
chr18	45240000	45600000	9	30	
chr18	45600000	46120000	30	19	
chr18	46120000	46960000	19	30	domain
chr18	46960000	47040000	30	30	gap
chr18	47040000	47760000	30	15	domain
chr18	47760000	48000000	15	21	boundary,domain
chr18	48000000	48480000	21	30	domain
chr18	48480000	48680000	30	30	boundary,domain
chr18	48680000	49480000	30	30	domain
chr18	49480000	49880000	30	28	
chr18	49880000	50240000	28	30	
chr18	50240000	50440000	30	30	
chr18	50440000	50800000	30	27	boundary,domain
chr18	50800000	51080000	27	30	boundary,domain
chr18	51080000	51640000	30	30	
chr18	51640000	52720000	30	11	domain
chr18	52720000	53440000	11	30	domain
chr18	53440000	54160000	30	30	domain
chr18	54160000	54360000	30	28	
chr18	54360000	55080000	28	19	domain
chr18	55080000	56640000	19	30	
chr18	56640000	57600000	30	30	
chr18	57600000	57880000	30	30	
chr18	57880000	58400000	30	30	boundary,domain
chr18	58400000	58520000	30	27	boundary,domain
chr18	58520000	58760000	27	30	boundary,domain
chr18	58760000	59160000	30	2	
chr18	59160000	59240000	2	27	
chr18	59240000	59440000	27	30	boundary,domain
chr18	59440000	59840000	30	30	boundary,domain
chr18	59840000	60600000	30	30	
chr18	60600000	61320000	30	8	domain
chr18	61320000	61520000	8	30	boundary,domain
chr18	61520000	62160000	30	30	domain
chr18	62160000	62280000	30	28	
chr18	62280000	63000000	28	25	
chr18	63000000	63360000	25	13	
chr18	63360000	63480000	13	30	boundary,domain
chr18	63480000	64000000	30	30	boundary,domain
chr18	64000000	65480000	30	6	domain
chr18	65480000	65640000	6	30	
chr18	65640000	66520000	30	30	domain
chr18	66520000	67200000	30	30	boundary,domain
chr18	67200000	68760000	30	27	
chr18	68760000	70160000	27	30	domain
chr18	70160000	70480000	30	30	
chr18	70480000	72680000	30	30	
chr18	72680000	74160000	30	30	domain
chr18	74160000	74360000	30	22	boundary,domain
chr18	74360000	74600000	22	30	boundary,domain
chr18	74600000	76400000	30	30	domain
chr18	76400000	76760000	30	30	boundary,domain
chr18	76760000	77720000	30	30	
chr18	77720000	78640000	30	15	domain
chr18	78640000	78920000	15	28	
chr18	78920000	79320000	28	30	
chr18	79320000	79640000	30	30	boundary,domain
chr18	79640000	79960000	30	6	domain
chr18	79960000	80280000	6	30	domain
chr19	80000	240000	30	30	gap
chr19	240000	640000	30	26	domain
chr19	640000	760000	26	15	boundary,domain
chr19	760000	1280000	15	30	
chr19	1280000	1480000	30	30	boundary,domain
chr19	1480000	1840000	30	30	boundary,domain
chr19	1840000	2120000	30	19	boundary,domain
chr19	2120000	2640000	19	21	domain
chr19	2640000	2800000	21	28	boundary,domain
chr19	2800000	2920000	28	17	boundary,domain
chr19	2920000	3280000	17	19	
chr19	3280000	3520000	19	22	domain
chr19	3520000	3640000	22	13	
chr19	3640000	4000000	13	20	domain
chr19	4000000	4240000	20	30	boundary,domain
chr19	4240000	4400000	30	30	
chr19	4400000	4680000	30	30	
chr19	4680000	4800000	30	12	boundary,domain
chr19	4800000	5680000	12	30	
chr19	5680000	5920000	30	30	boundary,domain
chr19	5920000	7040000	30	30	
chr19	7040000	7920000	30	17	domain
chr19	7920000	8720000	17	30	domain
chr19	8720000	8800000	30	30	gap
chr19	8800000	9840000	30	23	domain
chr19	9840000	10120000	23	30	boundary,domain
chr19	10120000	10240000	30	28	boundary,domain
chr19	10240000	10400000	28	30	boundary,domain
chr19	10400000	10720000	30	18	domain
chr19	10720000	10880000	18	30	boundary,domain
chr19	10880000	11120000	30	30	boundary,domain
chr19	11120000	11520000	30	22	boundary,domain
chr19	11520000	11600000	22	30	
chr19	11600000	12680000	30	30	
chr19	12680000	12960000	30	30	boundary,domain
chr19	12960000	13120000	30	19	
chr19	13120000	13240000	19	13	
chr19	13240000	13880000	13	17	
chr19	13880000	14560000	17	30	domain
chr19	14560000	15080000	30	9	
chr19	15080000	16200000	9	30	boundary,domain
chr19	16200000	16520000	30	28	
chr19	16520000	16640000	28	29	
chr19	16640000	17320000	29	28	domain
chr19	17320000	17920000	28	11	
chr19	17920000	18000000	11	28	boundary,domain
chr19	18000000	18280000	28	19	
chr19	18280000	18440000	19	29	
chr19	18440000	19040000	29	30	
chr19	19040000	19360000	30	15	boundary,domain
chr19	19360000	19520000	15	20	boundary,domain
chr19	19520000	19640000	20	15	
chr19	19640000	20440000	15	30	domain
chr19	20440000	20520000	30	30	gap
chr19	20520000	20880000	30	30	domain
chr19	20880000	20920000	30	30	gap
chr19	20920000	21960000	30	30	domain
chr19	21960000	22000000	30	30	gap
chr19	22000000	22160000	30	30	domain
chr19	22160000	22400000	30	30	gap
chr19	22400000	22640000	30	30	domain
chr19	22640000	22760000	30	30	gap
chr19	22760000	22920000	30	30	domain
chr19	22920000	22960000	30	30	gap
chr19	22960000	23840000	30	30	domain
chr19	23840000	23880000	30	30	gap
chr19	23880000	24160000	30	30	domain
chr19	24160000	27680000	30	30	gap
chr19	27680000	29600000	30	30	domain
chr19	29600000	29720000	30	30	boundary,domain
chr19	29720000	30680000	30	30	domain
chr19	30680000	32280000	30	30	domain
chr19	32280000	32400000	30	17	boundary
chr19	32400000	32600000	17	30	boundary,domain
chr19	32600000	33120000	30	27	
chr19	33120000	33200000	27	30	boundary,domain
chr19	33200000	34360000	30	30	boundary,domain
chr19	34360000	35040000	30	1	
chr19	35040000	35280000	1	22	
chr19	35280000	35520000	22	8	domain
chr19	35520000	36280000	8	30	domain
chr19	36280000	36320000	30	30	gap
chr19	36320000	37280000	30	30	domain
chr19	37280000	37320000	30	30	gap
chr19	37320000	38240000	30	13	domain
chr19	38240000	38400000	13	24	boundary,domain
chr19	38400000	38960000	24	18	
chr19	38960000	39040000	18	2	
chr19	39040000	39400000	2	30	
chr19	39400000	40120000	30	15	
chr19	40120000	40840000	15	30	
chr19	40840000	41120000	30	30	gap
chr19	41120000	41400000	30	30	domain
chr19	41400000	41680000	30	30	gap
chr19	41680000	41880000	30	30	domain
chr19	41880000	41920000	30	30	gap
chr19	41920000	42160000	30	30	domain
chr19	42160000	42200000	30	30	gap
chr19	42200000	42640000	30	30	domain
chr19	42640000	43400000	30	30	gap
chr19	43400000	43840000	30	30	domain
chr19	43840000	43880000	30	30	gap
chr19	43880000	44360000	30	30	domain
chr19	44360000	44480000	30	30	gap
chr19	44480000	45400000	30	20	
chr19	45400000	45800000	20	30	boundary,domain
chr19	45800000	46600000	30	14	boundary,domain
chr19	46600000	47360000	14	30	
chr19	47360000	47400000	30	30	gap
chr19	47400000	47880000	30	30	domain
chr19	47880000	47960000	30	30	gap
chr19	47960000	49000000	30	30	domain
chr19	49000000	49080000	30	30	gap
chr19	49080000	50080000	30	30	domain
chr19	50080000	50120000	30	30	gap
chr19	50120000	51120000	30	22	domain
chr19	51120000	51320000	22	25	boundary,domain
chr19	51320000	51840000	25	30	boundary,domain
chr19	51840000	53760000	30	21	domain
chr19	53760000	54720000	21	30	
chr19	54720000	54760000	30	30	gap
chr19	54760000	55680000	30	20	
chr19	55680000	58617616	20	30	
chr2	0	680000	30	30	
chr2	680000	1560000	30	30	domain
chr2	1560000	1840000	30	30	boundary,domain
chr2	1840000	2840000	30	17	domain
chr2	2840000	3680000	17	30	
chr2	3680000	4760000	30	14	
chr2	4760000	6840000	14	30	domain
chr2	6840000	7080000	30	30	
chr2	7080000	8720000	30	17	
chr2	8720000	9480000	17	30	boundary,domain
chr2	9480000	9800000	30	29	boundary,domain
chr2	9800000	10120000	29	30	boundary,domain
chr2	10120000	10440000	30	30	boundary,domain
chr2	10440000	10680000	30	30	boundary,domain
chr2	10680000	11120000	30	30	boundary,domain
chr2	11120000	11800000	30	30	
chr2	11800000	13040000	30	30	domain
chr2	13040000	14960000	30	21	domain
chr2	14960000	15600000	21	30	boundary,domain
chr2	15600000	16520000	30	30	domain
chr2	16520000	16760000	30	30	boundary,domain
chr2	16760000	17720000	30	30	
chr2	17720000	18200000	30	24	boundary,domain
chr2	18200000	18400000	24	30	boundary,domain
chr2	18400000	19360000	30	13	domain
chr2	19360000	19920000	13	30	domain
chr2	19920000	20120000	30	17	boundary
chr2	20120000	20360000	17	30	boundary,domain
chr2	20360000	20640000	30	30	boundary,domain
chr2	20640000	21000000	30	30	boundary,domain
chr2	21000000	21360000	30	30	boundary,domain
chr2	21360000	22280000	30	30	domain
chr2	22280000	23360000	30	28	domain
chr2	23360000	23800000	28	30	boundary,domain
chr2	23800000	24200000	30	16	boundary,domain
chr2	24200000	24400000	16	14	boundary,domain
chr2	24400000	24960000	14	24	domain
chr2	24960000	25240000	24	30	boundary,domain
chr2	25240000	25600000	30	27	boundary,domain
chr2	25600000	25680000	27	16	boundary,domain
chr2	25680000	25920000	16	28	boundary,domain
chr2	25920000	26200000	28	30	boundary,domain
chr2	26200000	26480000	30	27	boundary,domain
chr2	26480000	26600000	27	21	
chr2	26600000	26800000	21	30	boundary,domain
chr2	26800000	26960000	30	27	boundary,domain
chr2	26960000	27040000	27	30	boundary,domain
chr2	27040000	27360000	30	30	boundary,domain
chr2	27360000	27680000	30	30	boundary,domain
chr2	27680000	28520000	30	29	domain
chr2	28520000	28920000	29	30	boundary,domain
chr2	28920000	29200000	30	30	
chr2	29200000	29920000	30	9	domain
chr2	29920000	30120000	9	30	boundary,domain
chr2	30120000	30720000	30	18	domain
chr2	30720000	31680000	18	25	boundary,domain
chr2	31680000	32520000	25	30	boundary,domain
chr2	32520000	33480000	30	6	domain
chr2	33480000	33600000	6	18	
chr2	33600000	34480000	18	30	domain
chr2	34480000	34520000	30	30	gap
chr2	34520000	36720000	30	30	domain
chr2	36720000	37360000	30	13	
chr2	37360000	37920000	13	30	domain
chr2	37920000	38280000	30	30	boundary,domain
chr2	38280000	38560000	30	13	
chr2	38560000	38800000	13	22	
chr2	38800000	38880000	22	6	boundary,domain
chr2	38880000	39240000	6	14	boundary,domain
chr2	39240000	39960000	14	30	domain
chr2	39960000	40000000	30	30	gap
chr2	40000000	40800000	30	17	domain
chr2	40800000	41840000	17	30	domain
chr2	41840000	42080000	30	27	boundary,domain
chr2	42080000	42360000	27	30	boundary,domain
chr2	42360000	42480000	30	4	
chr2	42480000	42800000	4	30	boundary,domain
chr2	42800000	43600000	30	30	domain
chr2	43600000	44000000	30	30	
chr2	44000000	44360000	30	19	boundary,domain
chr2	44360000	44960000	19	28	domain
chr2	44960000	45600000	28	30	
chr2	45600000	45960000	30	30	boundary,domain
chr2	45960000	46640000	30	11	domain
chr2	46640000	47440000	11	30	domain
chr2	47440000	47760000	30	30	gap
chr2	47760000	48600000	30	18	
chr2	48600000	48760000	18	16	boundary,domain
chr2	48760000	49600000	16	24	domain
chr2	49600000	50520000	24	30	
chr2	50520000	50680000	30	13	
chr2	50680000	53400000	13	23	
chr2	53400000	53800000	23	30	boundary,domain
chr2	53800000	54080000	30	30	boundary,domain
chr2	54080000	54720000	30	22	
chr2	54720000	54840000	22	14	boundary,domain
chr2	54840000	55240000	14	30	domain
chr2	55240000	55680000	30	30	
chr2	55680000	56160000	30	30	
chr2	56160000	57560000	30	30	domain
chr2	57560000	57720000	30	13	
chr2	57720000	58560000	13	14	
chr2	58560000	59320000	14	30	
chr2	59320000	59360000	30	30	gap
chr2	59360000	60680000	30	29	
chr2	60680000	61040000	29	30	boundary,domain
chr2	61040000	61880000	30	30	
chr2	61880000	62440000	30	30	boundary,domain
chr2	62440000	63560000	30	30	domain
chr2	63560000	63880000	30	27	
chr2	63880000	64320000	27	15	boundary,domain
chr2	64320000	64560000	15	26	domain
chr2	64560000	64880000	26	30	boundary,domain
chr2	64880000	65080000	30	26	
chr2	65080000	65240000	26	30	
chr2	65240000	65600000	30	30	boundary,domain
chr2	65600000	66400000	30	17	domain
chr2	66400000	66560000	17	15	boundary,domain
chr2	66560000	67880000	15	21	domain
chr2	67880000	68080000	21	30	
chr2	68080000	68320000	30	25	boundary,domain
chr2	68320000	68440000	25	30	boundary,domain
chr2	68440000	68680000	30	14	boundary,domain
chr2	68680000	68960000	14	30	boundary,domain
chr2	68960000	69360000	30	30	boundary,domain
chr2	69360000	69720000	30	29	boundary,domain
chr2	69720000	69880000	29	25	boundary,domain
chr2	69880000	70080000	25	13	boundary,domain
chr2	70080000	70280000	13	15	boundary,domain
chr2	70280000	71000000	15	30	domain
chr2	71000000	71040000	30	30	gap
chr2	71040000	72040000	30	30	domain
chr2	72040000	72080000	30	30	gap
chr2	72080000	72760000	30	14	
chr2	72760000	72880000	14	17	boundary,domain
chr2	72880000	73240000	17	26	boundary,domain
chr2	73240000	73640000	26	30	boundary,domain
chr2	73640000	73800000	30	23	boundary,domain
chr2	73800000	74440000	23	30	
chr2	74440000	74680000	30	28	boundary,domain
chr2	74680000	74880000	28	30	boundary,domain
chr2	74880000	75640000	30	30	domain
chr2	75640000	79000000	30	30	
chr2	79000000	79200000	30	20	
chr2	79200000	79920000	20	30	domain
chr2	79920000	80280000	30	13	
chr2	80280000	81200000	13	17	domain
chr2	81200000	84400000	17	30	
chr2	84400000	84920000	30	30	boundary,domain
chr2	84920000	85320000	30	30	boundary,domain
chr2	85320000	85600000	30	25	boundary,domain
chr2	85600000	85800000	25	18	boundary,domain
chr2	85800000	86720000	18	30	domain
chr2	86720000	88000000	30	30	gap
chr2	88000000	88760000	30	30	domain
chr2	88760000	88800000	30	30	gap
chr2	88800000	88960000	30	30	domain
chr2	88960000	94880000	30	30	gap
chr2	94880000	95400000	30	30	domain
chr2	95400000	96080000	30	30	gap
chr2	96080000	97000000	30	30	domain
chr2	97000000	97640000	30	30	gap
chr2	97640000	98400000	30	16	domain
chr2	98400000	98600000	16	21	boundary,domain
chr2	98600000	99080000	21	24	boundary,domain
chr2	99080000	99320000	24	28	boundary,domain
chr2	99320000	99520000	28	30	boundary,domain
chr2	99520000	100280000	30	18	domain
chr2	100280000	100400000	18	20	
chr2	100400000	100560000	20	30	boundary,domain
chr2	100560000	101000000	30	30	boundary,domain
chr2	101000000	101240000	30	30	boundary,domain
chr2	101240000	101880000	30	17	domain
chr2	101880000	102000000	17	11	boundary,domain
chr2	102000000	102440000	11	30	domain
chr2	102440000	102800000	30	29	boundary,domain
chr2	102800000	103960000	29	21	domain
chr2	103960000	105080000	21	20	
chr2	105080000	105320000	20	22	
chr2	105320000	105520000	22	17	
chr2	105520000	106360000	17	30	domain
chr2	106360000	106520000	30	30	gap
chr2	106520000	107840000	30	30	domain
chr2	107840000	107920000	30	30	gap
chr2	107920000	108640000	30	30	domain
chr2	108640000	108760000	30	30	gap
chr2	108760000	109760000	30	30	domain
chr2	109760000	110640000	30	30	gap
chr2	110640000	111240000	30	30	domain
chr2	111240000	111880000	30	30	gap
chr2	111880000	112360000	30	30	domain
chr2	112360000	112440000	30	30	gap
chr2	112440000	113400000	30	30	domain
chr2	113400000	113680000	30	30	gap
chr2	113680000	114600000	30	20	domain
chr2	114600000	115160000	20	16	domain
chr2	115160000	117800000	16	30	domain
chr2	117800000	118040000	30	30	boundary,domain
chr2	118040000	118160000	30	13	
chr2	118160000	118880000	13	30	domain
chr2	118880000	119320000	30	14	boundary,domain
chr2	119320000	119400000	14	23	boundary,domain
chr2	119400000	119520000	23	29	
chr2	119520000	119680000	29	26	
chr2	119680000	120320000	26	30	
chr2	120320000	120680000	30	30	boundary,domain
chr2	120680000	121080000	30	30	domain
chr2	121080000	121760000	30	30	
chr2	121760000	124000000	30	30	domain
chr2	124000000	124800000	30	17	domain
chr2	124800000	127040000	17	30	domain
chr2	127040000	127520000	30	30	boundary,domain
chr2	127520000	127680000	30	30	boundary,domain
chr2	127680000	127840000	30	15	boundary,domain
chr2	127840000	128160000	15	15	
chr2	128160000	128720000	15	14	
chr2	128720000	130000000	14	30	domain
chr2	130000000	130240000	30	30	gap
chr2	130240000	130400000	30	30	domain
chr2	130400000	130720000	30	30	gap
chr2	130720000	131160000	30	30	domain
chr2	131160000	132360000	30	30	gap
chr2	132360000	133200000	30	14	domain
chr2	133200000	133840000	14	30	domain
chr2	133840000	134440000	30	27	
chr2	134440000	134760000	27	21	
chr2	134760000	134960000	21	30	
chr2	134960000	135840000	30	30	domain
chr2	135840000	136400000	30	30	
chr2	136400000	137840000	30	30	domain
chr2	137840000	138840000	30	30	domain
chr2	138840000	140960000	30	25	domain
chr2	140960000	141960000	25	8	domain
chr2	141960000	142160000	8	30	boundary,domain
chr2	142160000	143040000	30	30	
chr2	143040000	146720000	30	30	
chr2	146720000	147920000	30	30	domain
chr2	147920000	148640000	30	5	domain
chr2	148640000	149000000	5	30	domain
chr2	149000000	149560000	30	30	boundary,domain
chr2	149560000	150520000	30	13	domain
chr2	150520000	151280000	13	19	
chr2	151280000	151480000	19	30	
chr2	151480000	151600000	30	9	boundary,domain
chr2	151600000	152040000	9	25	boundary,domain
chr2	152040000	152160000	25	14	boundary,domain
chr2	152160000	152720000	14	30	domain
chr2	152720000	153720000	30	14	domain
chr2	153720000	154400000	14	30	domain
chr2	154400000	155360000	30	30	domain
chr2	155360000	157280000	30	30	domain
chr2	157280000	157480000	30	23	boundary,domain
chr2	157480000	158000000	23	28	
chr2	158000000	158840000	28	30	
chr2	158840000	159200000	30	27	boundary,domain
chr2	159200000	160040000	27	30	domain
chr2	160040000	160280000	30	29	boundary,domain
chr2	160280000	161080000	29	7	domain
chr2	161080000	161960000	7	30	
chr2	161960000	162320000	30	30	boundary,domain
chr2	162320000	162880000	30	26	boundary,domain
chr2	162880000	163160000	26	30	boundary,domain
chr2	163160000	164560000	30	30	
chr2	164560000	164960000	30	30	boundary,domain
chr2	164960000	165960000	30	30	
chr2	165960000	166200000	30	30	boundary,domain
chr2	166200000	166440000	30	30	
chr2	166440000	167240000	30	23	domain
chr2	167240000	168120000	23	30	
chr2	168120000	168920000	30	30	boundary,domain
chr2	168920000	169400000	30	30	boundary,domain
chr2	169400000	169800000	30	11	domain
chr2	169800000	169920000	11	21	boundary,domain
chr2	169920000	170240000	21	16	boundary,domain
chr2	170240000	170920000	16	30	
chr2	170920000	171560000	30	30	
chr2	171560000	172120000	30	15	
chr2	172120000	172520000	15	27	domain
chr2	172520000	172760000	27	30	boundary,domain
chr2	172760000	172960000	30	28	boundary,domain
chr2	172960000	173360000	28	30	boundary,domain
chr2	173360000	174400000	30	30	domain
chr2	174400000	174680000	30	30	
chr2	174680000	175000000	30	30	boundary,domain
chr2	175000000	175360000	30	15	boundary,domain
chr2	175360000	176120000	15	21	domain
chr2	176120000	177160000	21	25	
chr2	177160000	177800000	25	29	domain
chr2	177800000	178640000	29	9	
chr2	178640000	180080000	9	30	domain
chr2	180080000	181080000	30	23	domain
chr2	181080000	181720000	23	13	domain
chr2	181720000	182160000	13	28	domain
chr2	182160000	182720000	28	30	domain
chr2	182720000	183240000	30	13	boundary,domain
chr2	183240000	185760000	13	30	
chr2	185760000	186480000	30	30	
chr2	186480000	186840000	30	30	boundary,domain
chr2	186840000	187480000	30	30	boundary,domain
chr2	187480000	188520000	30	21	
chr2	188520000	189440000	21	30	domain
chr2	189440000	189640000	30	25	boundary,domain
chr2	189640000	190760000	25	29	domain
chr2	190760000	191040000	29	30	boundary,domain
chr2	191040000	191160000	30	28	boundary,domain
chr2	191160000	191520000	28	30	boundary,domain
chr2	191520000	191760000	30	27	
chr2	191760000	192200000	27	26	domain
chr2	192200000	193640000	26	12	domain
chr2	193640000	193960000	12	29	
chr2	193960000	195320000	29	14	domain
chr2	195320000	196080000	14	30	domain
chr2	196080000	196760000	30	30	
chr2	196760000	197040000	30	19	boundary,domain
chr2	197040000	197400000	19	16	domain
chr2	197400000	197800000	16	30	boundary,domain
chr2	197800000	198320000	30	30	boundary,domain
chr2	198320000	199640000	30	8	domain
chr2	199640000	199920000	8	30	
chr2	199920000	200520000	30	30	domain
chr2	200520000	200720000	30	24	boundary,domain
chr2	200720000	200880000	24	30	boundary,domain
chr2	200880000	201200000	30	30	boundary,domain
chr2	201200000	201760000	30	30	
chr2	201760000	202280000	30	30	domain
chr2	202280000	202440000	30	23	boundary
chr2	202440000	203920000	23	30	
chr2	203920000	205720000	30	30	
chr2	205720000	205960000	30	30	
chr2	205960000	206160000	30	30	boundary,domain
chr2	206160000	206680000	30	30	boundary,domain
chr2	206680000	206800000	30	14	boundary,domain
chr2	206800000	207520000	14	15	domain
chr2	207520000	208080000	15	30	
chr2	208080000	208360000	30	30	boundary,domain
chr2	208360000	209320000	30	23	
chr2	209320000	209960000	23	17	
chr2	209960000	210520000	17	17	domain
chr2	210520000	211040000	17	28	domain
chr2	211040000	211720000	28	18	domain
chr2	211720000	212600000	18	30	domain
chr2	212600000	213240000	30	30	boundary,domain
chr2	213240000	215320000	30	30	domain
chr2	215320000	216080000	30	29	
chr2	216080000	216480000	29	30	boundary,domain
chr2	216480000	216680000	30	30	boundary,domain
chr2	216680000	217760000	30	30	domain
chr2	217760000	218120000	30	30	boundary,domain
chr2	218120000	218400000	30	21	boundary,domain
chr2	218400000	218680000	21	30	boundary,domain
chr2	218680000	218880000	30	30	boundary,domain
chr2	218880000	218960000	30	29	boundary,domain
chr2	218960000	219160000	29	26	boundary,domain
chr2	219160000	219400000	26	30	boundary,domain
chr2	219400000	219680000	30	30	boundary,domain
chr2	219680000	220680000	30	13	domain
chr2	220680000	222000000	13	30	domain
chr2	222000000	222640000	30	30	domain
chr2	222640000	222960000	30	22	domain
chr2	222960000	223680000	22	30	
chr2	223680000	223960000	30	30	boundary,domain
chr2	223960000	224320000	30	24	domain
chr2	224320000	225040000	24	30	
chr2	225040000	225640000	30	30	domain
chr2	225640000	226840000	30	17	domain
chr2	226840000	227120000	17	30	boundary,domain
chr2	227120000	227320000	30	30	boundary,domain
chr2	227320000	227880000	30	30	boundary,domain
chr2	227880000	228680000	30	13	domain
chr2	228680000	229320000	13	23	
chr2	229320000	229760000	23	30	boundary,domain
chr2	229760000	229960000	30	26	
chr2	229960000	230840000	26	30	
chr2	230840000	231080000	30	30	boundary,domain
chr2	231080000	231200000	30	30	boundary,domain
chr2	231200000	231480000	30	30	boundary,domain
chr2	231480000	231800000	30	30	
chr2	231800000	232560000	30	30	
chr2	232560000	233280000	30	30	boundary,domain
chr2	233280000	233440000	30	30	
chr2	233440000	233840000	30	30	boundary,domain
chr2	233840000	233960000	30	27	
chr2	233960000	234120000	27	22	boundary,domain
chr2	234120000	234520000	22	30	domain
chr2	234520000	235120000	30	30	domain
chr2	235120000	235760000	30	30	
chr2	235760000	236280000	30	29	boundary,domain
chr2	236280000	237080000	29	30	domain
chr2	237080000	237560000	30	30	boundary,domain
chr2	237560000	237800000	30	30	boundary,domain
chr2	237800000	238240000	30	30	boundary,domain
chr2	238240000	239000000	30	29	boundary,domain
chr2	239000000	239120000	29	7	
chr2	239120000	240000000	7	21	
chr2	240000000	240160000	21	16	
chr2	240160000	240960000	16	30	domain
chr2	240960000	241000000	30	30	gap
chr2	241000000	242080000	30	30	domain
chr2	242080000	242193529	30	30	gap
chr20	40000	80000	30	30	gap
chr20	80000	800000	30	14	domain
chr20	800000	1560000	14	30	domain
chr20	1560000	1600000	30	30	gap
chr20	1600000	2480000	30	19	domain
chr20	2480000	2680000	19	24	boundary,domain
chr20	2680000	3040000	24	30	boundary,domain
chr20	3040000	3320000	30	27	boundary,domain
chr20	3320000	3680000	27	30	boundary,domain
chr20	3680000	3760000	30	14	boundary,domain
chr20	3760000	3880000	14	14	boundary,domain
chr20	3880000	4200000	14	30	boundary,domain
chr20	4200000	4600000	30	22	domain
chr20	4600000	4720000	22	17	boundary,domain
chr20	4720000	5200000	17	29	
chr20	5200000	5480000	29	30	boundary,domain
chr20	5480000	6120000	30	30	domain
chr20	6120000	7920000	30	25	domain
chr20	7920000	8760000	25	30	domain
chr20	8760000	9400000	30	30	domain
chr20	9400000	9600000	30	22	boundary,domain
chr20	9600000	10440000	22	29	domain
chr20	10440000	11280000	29	13	domain
chr20	11280000	11560000	13	30	boundary,domain
chr20	11560000	12880000	30	30	domain
chr20	12880000	13120000	30	24	
chr20	13120000	13800000	24	30	domain
chr20	13800000	14120000	30	22	boundary,domain
chr20	14120000	15120000	22	30	domain
chr20	15120000	15160000	30	30	gap
chr20	15160000	16800000	30	30	domain
chr20	16800000	17480000	30	30	domain
chr20	17480000	17640000	30	20	
chr20	17640000	18000000	20	30	domain
chr20	18000000	18280000	30	20	boundary,domain
chr20	18280000	18560000	20	30	
chr20	18560000	19680000	30	30	domain
chr20	19680000	20040000	30	30	boundary,domain
chr20	20040000	20600000	30	30	boundary,domain
chr20	20600000	20840000	30	20	boundary,domain
chr20	20840000	21640000	20	30	
chr20	21640000	22320000	30	30	
chr20	22320000	22680000	30	23	boundary,domain
chr20	22680000	23720000	23	30	domain
chr20	23720000	23760000	30	30	gap
chr20	23760000	24960000	30	17	domain
chr20	24960000	25760000	17	30	domain
chr20	25760000	31240000	30	30	gap
chr20	31240000	32520000	30	23	domain
chr20	32520000	32680000	23	27	boundary,domain
chr20	32680000	32800000	27	27	boundary,domain
chr20	32800000	33360000	27	30	
chr20	33360000	34160000	30	30	domain
chr20	34160000	34800000	30	30	boundary,domain
chr20	34800000	35280000	30	30	
chr20	35280000	35480000	30	30	boundary,domain
chr20	35480000	35680000	30	30	boundary,domain
chr20	35680000	35960000	30	30	boundary,domain
chr20	35960000	36200000	30	25	boundary,domain
chr20	36200000	36960000	25	27	domain
chr20	36960000	37560000	27	29	
chr20	37560000	38360000	29	30	
chr20	38360000	39080000	30	30	boundary,domain
chr20	39080000	39880000	30	16	domain
chr20	39880000	40720000	16	29	domain
chr20	40720000	40960000	29	30	boundary,domain
chr20	40960000	41120000	30	30	boundary,domain
chr20	41120000	41360000	30	24	boundary,domain
chr20	41360000	41720000	24	30	boundary,domain
chr20	41720000	41880000	30	7	
chr20	41880000	43440000	7	30	domain
chr20	43440000	44120000	30	27	domain
chr20	44120000	44200000	27	28	
chr20	44200000	44640000	28	30	boundary,domain
chr20	44640000	44880000	30	30	boundary,domain
chr20	44880000	45120000	30	18	boundary,domain
chr20	45120000	45320000	18	30	boundary,domain
chr20	45320000	45800000	30	30	
chr20	45800000	45960000	30	30	boundary,domain
chr20	45960000	46480000	30	30	boundary,domain
chr20	46480000	46720000	30	30	boundary,domain
chr20	46720000	47200000	30	19	domain
chr20	47200000	47680000	19	30	domain
chr20	47680000	48640000	30	30	domain
chr20	48640000	49040000	30	21	boundary,domain
chr20	49040000	49120000	21	10	
chr20	49120000	49280000	10	30	boundary,domain
chr20	49280000	49560000	30	20	
chr20	49560000	49960000	20	29	domain
chr20	49960000	50160000	29	30	
chr20	50160000	50760000	30	30	
chr20	50760000	50960000	30	30	boundary,domain
chr20	50960000	51640000	30	15	domain
chr20	51640000	52120000	15	30	domain
chr20	52120000	54080000	30	29	boundary,domain
chr20	54080000	54200000	29	29	boundary,domain
chr20	54200000	54640000	29	30	boundary,domain
chr20	54640000	56360000	30	30	
chr20	56360000	57080000	30	27	
chr20	57080000	57360000	27	30	boundary,domain
chr20	57360000	57480000	30	26	
chr20	57480000	57600000	26	15	boundary,domain
chr20	57600000	58240000	15	30	domain
chr20	58240000	58840000	30	13	
chr20	58840000	59560000	13	30	
chr20	59560000	59760000	30	27	boundary,domain
chr20	59760000	59920000	27	30	boundary,domain
chr20	59920000	61960000	30	30	
chr20	61960000	62160000	30	26	
chr20	62160000	62400000	26	27	boundary,domain
chr20	62400000	62840000	27	30	domain
chr20	62840000	63040000	30	26	boundary,domain
chr20	63040000	63240000	26	22	boundary,domain
chr20	63240000	63520000	22	18	
chr20	63520000	64280000	18	30	domain
chr20	64280000	64360000	30	30	gap
chr21	5040000	14040000	30	30	gap
chr21	14040000	15600000	30	26	domain
chr21	15600000	15880000	26	30	boundary,domain
chr21	15880000	16600000	30	20	domain
chr21	16600000	17320000	20	27	domain
chr21	17320000	17640000	27	30	boundary,domain
chr21	17640000	17960000	30	30	boundary,domain
chr21	17960000	18280000	30	30	boundary,domain
chr21	18280000	19480000	30	15	boundary,domain
chr21	19480000	21000000	15	30	domain
chr21	21000000	23760000	30	25	
chr21	23760000	25440000	25	26	
chr21	25440000	25600000	26	30	boundary,domain
chr21	25600000	25720000	30	29	
chr21	25720000	26760000	29	21	domain
chr21	26760000	26840000	21	17	boundary,domain
chr21	26840000	27840000	17	30	domain
chr21	27840000	27920000	30	30	gap
chr21	27920000	28760000	30	11	domain
chr21	28760000	29040000	11	25	
chr21	29040000	29400000	25	27	
chr21	29400000	29480000	27	4	boundary,domain
chr21	29480000	29920000	4	30	
chr21	29920000	30280000	30	20	boundary,domain
chr21	30280000	31080000	20	30	
chr21	31080000	31640000	30	30	boundary,domain
chr21	31640000	32280000	30	30	boundary,domain
chr21	32280000	32640000	30	30	boundary,domain
chr21	32640000	32800000	30	30	
chr21	32800000	33480000	30	24	domain
chr21	33480000	33920000	24	30	boundary,domain
chr21	33920000	34400000	30	30	domain
chr21	34400000	34480000	30	30	gap
chr21	34480000	34640000	30	30	boundary,domain
chr21	34640000	36040000	30	29	domain
chr21	36040000	36120000	29	30	boundary,domain
chr21	36120000	36400000	30	30	boundary,domain
chr21	36400000	36960000	30	30	domain
chr21	36960000	37120000	30	16	
chr21	37120000	37680000	16	30	boundary,domain
chr21	37680000	38400000	30	30	
chr21	38400000	39160000	30	30	
chr21	39160000	39480000	30	30	boundary,domain
chr21	39480000	39760000	30	30	boundary,domain
chr21	39760000	40120000	30	30	boundary,domain
chr21	40120000	41120000	30	30	domain
chr21	41120000	41480000	30	30	boundary,domain
chr21	41480000	41600000	30	23	
chr21	41600000	41840000	23	30	boundary,domain
chr21	41840000	42120000	30	20	boundary,domain
chr21	42120000	42280000	20	5	
chr21	42280000	43040000	5	30	
chr21	43040000	43560000	30	30	gap
chr21	43560000	44080000	30	30	
chr21	44080000	44240000	30	30	gap
chr21	44240000	44920000	30	17	boundary,domain
chr21	44920000	45160000	17	22	boundary,domain
chr21	45160000	45280000	22	26	boundary,domain
chr21	45280000	45480000	26	27	boundary,domain
chr21	45480000	45920000	27	16	
chr21	45920000	46709983	16	30	
chr22	10640000	17040000	30	30	gap
chr22	17040000	18160000	30	30	domain
chr22	18160000	18960000	30	30	gap
chr22	18960000	20280000	30	30	domain
chr22	20280000	20360000	30	30	gap
chr22	20360000	20680000	30	30	domain
chr22	20680000	20720000	30	30	gap
chr22	20720000	21120000	30	30	domain
chr22	21120000	21560000	30	30	gap
chr22	21560000	22280000	30	30	domain
chr22	22280000	22320000	30	30	gap
chr22	22320000	22960000	30	13	domain
chr22	22960000	23160000	13	12	boundary,domain
chr22	23160000	23320000	12	11	boundary,domain
chr22	23320000	23960000	11	30	
chr22	23960000	24000000	30	30	gap
chr22	24000000	24600000	30	30	domain
chr22	24600000	24680000	30	30	gap
chr22	24680000	25360000	30	6	
chr22	25360000	26360000	6	25	domain
chr22	26360000	26480000	25	19	
chr22	26480000	26680000	19	30	boundary,domain
chr22	26680000	27840000	30	30	
chr22	27840000	28040000	30	30	boundary,domain
chr22	28040000	28600000	30	13	domain
chr22	28600000	28680000	13	2	
chr22	28680000	29280000	2	30	
chr22	29280000	29560000	30	30	boundary,domain
chr22	29560000	30120000	30	29	domain
chr22	30120000	30280000	29	26	
chr22	30280000	30400000	26	29	
chr22	30400000	30600000	29	30	
chr22	30600000	30920000	30	18	boundary,domain
chr22	30920000	31080000	18	27	domain
chr22	31080000	31400000	27	30	boundary,domain
chr22	31400000	31640000	30	27	boundary,domain
chr22	31640000	31960000	27	30	boundary,domain
chr22	31960000	32080000	30	25	
chr22	32080000	32480000	25	30	boundary,domain
chr22	32480000	33240000	30	30	
chr22	33240000	34400000	30	13	domain
chr22	34400000	35280000	13	30	domain
chr22	35280000	36160000	30	12	domain
chr22	36160000	36280000	12	30	
chr22	36280000	36520000	30	30	boundary,domain
chr22	36520000	37040000	30	13	
chr22	37040000	37240000	13	22	boundary,domain
chr22	37240000	37520000	22	18	boundary,domain
chr22	37520000	37600000	18	15	boundary,domain
chr22	37600000	38360000	15	30	
chr22	38360000	38400000	30	30	gap
chr22	38400000	39520000	30	25	
chr22	39520000	40400000	25	30	domain
chr22	40400000	40920000	30	30	boundary,domain
chr22	40920000	41400000	30	24	
chr22	41400000	41640000	24	30	boundary,domain
chr22	41640000	41960000	30	30	boundary,domain
chr22	41960000	42560000	30	30	
chr22	42560000	43160000	30	30	domain
chr22	43160000	43400000	30	30	boundary,domain
chr22	43400000	43920000	30	29	domain
chr22	43920000	44720000	29	30	domain
chr22	44720000	45240000	30	29	boundary,domain
chr22	45240000	46000000	29	18	domain
chr22	46000000	46360000	18	30	boundary,domain
chr22	46360000	46560000	30	30	boundary,domain
chr22	46560000	46800000	30	30	boundary,domain
chr22	46800000	48560000	30	30	domain
chr22	48560000	49760000	30	22	domain
chr22	49760000	49920000	22	16	boundary,domain
chr22	49920000	50800000	16	30	
chr3	0	40000	30	30	gap
chr3	40000	560000	30	30	domain
chr3	560000	640000	30	30	gap
chr3	640000	2200000	30	26	domain
chr3	2200000	3160000	26	30	domain
chr3	3160000	4320000	30	30	domain
chr3	4320000	4680000	30	30	
chr3	4680000	5200000	30	30	
chr3	5200000	6800000	30	30	domain
chr3	6800000	8440000	30	30	
chr3	8440000	8640000	30	30	boundary,domain
chr3	8640000	8920000	30	30	
chr3	8920000	9360000	30	30	boundary,domain
chr3	9360000	9480000	30	30	
chr3	9480000	9760000	30	30	boundary,domain
chr3	9760000	10320000	30	30	boundary,domain
chr3	10320000	10760000	30	25	boundary,domain
chr3	10760000	11120000	25	29	
chr3	11120000	11360000	29	27	
chr3	11360000	11880000	27	25	domain
chr3	11880000	12120000	25	30	
chr3	12120000	12520000	30	30	boundary,domain
chr3	12520000	12840000	30	30	boundary,domain
chr3	12840000	13480000	30	30	boundary,domain
chr3	13480000	13640000	30	30	boundary,domain
chr3	13640000	13880000	30	28	boundary,domain
chr3	13880000	14120000	28	21	boundary,domain
chr3	14120000	15120000	21	30	domain
chr3	15120000	15160000	30	30	gap
chr3	15160000	16280000	30	25	domain
chr3	16280000	16560000	25	30	boundary,domain
chr3	16560000	17240000	30	20	domain
chr3	17240000	17400000	20	18	
chr3	17400000	17840000	18	15	domain
chr3	17840000	18480000	15	30	domain
chr3	18480000	18800000	30	29	boundary,domain
chr3	18800000	19000000	29	30	boundary
chr3	19000000	19880000	30	18	domain
chr3	19880000	20320000	18	27	domain
chr3	20320000	22120000	27	30	
chr3	22120000	22920000	30	30	
chr3	22920000	23960000	30	30	domain
chr3	23960000	24720000	30	30	
chr3	24720000	25600000	30	30	domain
chr3	25600000	27120000	30	29	
chr3	27120000	27280000	29	30	boundary,domain
chr3	27280000	27680000	30	30	boundary,domain
chr3	27680000	28360000	30	30	domain
chr3	28360000	29840000	30	27	domain
chr3	29840000	30000000	27	27	boundary,domain
chr3	30000000	30760000	27	30	domain
chr3	30760000	31520000	30	30	domain
chr3	31520000	31720000	30	10	
chr3	31720000	32160000	10	30	boundary,domain
chr3	32160000	32480000	30	30	boundary,domain
chr3	32480000	32720000	30	30	boundary,domain
chr3	32720000	32920000	30	30	boundary,domain
chr3	32920000	33120000	30	30	boundary,domain
chr3	33120000	33840000	30	30	boundary,domain
chr3	33840000	34680000	30	16	domain
chr3	34680000	35960000	16	30	domain
chr3	35960000	36720000	30	30	domain
chr3	36720000	36960000	30	30	boundary,domain
chr3	36960000	37280000	30	30	boundary,domain
chr3	37280000	37840000	30	30	domain
chr3	37840000	38000000	30	30	boundary,domain
chr3	38000000	38360000	30	22	boundary,domain
chr3	38360000	38480000	22	30	boundary,domain
chr3	38480000	38680000	30	22	boundary,domain
chr3	38680000	39040000	22	30	domain
chr3	39040000	39400000	30	30	boundary,domain
chr3	39400000	39520000	30	13	boundary,domain
chr3	39520000	40320000	13	30	
chr3	40320000	40520000	30	30	
chr3	40520000	41880000	30	30	domain
chr3	41880000	42200000	30	30	boundary,domain
chr3	42200000	42600000	30	26	boundary,domain
chr3	42600000	42920000	26	30	boundary,domain
chr3	42920000	43160000	30	12	boundary,domain
chr3	43160000	43520000	12	30	
chr3	43520000	44320000	30	30	
chr3	44320000	45000000	30	30	boundary,domain
chr3	45000000	45200000	30	27	
chr3	45200000	45520000	27	26	boundary,domain
chr3	45520000	45720000	26	30	boundary,domain
chr3	45720000	45920000	30	28	boundary,domain
chr3	45920000	46080000	28	30	boundary,domain
chr3	46080000	46480000	30	26	boundary,domain
chr3	46480000	46680000	26	30	
chr3	46680000	46920000	30	29	boundary,domain
chr3	46920000	47400000	29	30	boundary,domain
chr3	47400000	47480000	30	27	boundary
chr3	47480000	47800000	27	30	boundary,domain
chr3	47800000	48160000	30	30	boundary,domain
chr3	48160000	48440000	30	30	boundary,domain
chr3	48440000	48680000	30	30	boundary,domain
chr3	48680000	49000000	30	30	boundary,domain
chr3	49000000	49520000	30	30	boundary,domain
chr3	49520000	49680000	30	30	
chr3	49680000	49960000	30	18	boundary,domain
chr3	49960000	50120000	18	30	
chr3	50120000	50360000	30	30	
chr3	50360000	50560000	30	21	boundary,domain
chr3	50560000	50640000	21	12	boundary,domain
chr3	50640000	51400000	12	30	domain
chr3	51400000	51720000	30	30	boundary,domain
chr3	51720000	51920000	30	29	boundary,domain
chr3	51920000	52160000	29	28	boundary,domain
chr3	52160000	52480000	28	30	boundary,domain
chr3	52480000	52720000	30	30	boundary,domain
chr3	52720000	53080000	30	30	boundary,domain
chr3	53080000	53240000	30	30	boundary,domain
chr3	53240000	53920000	30	30	domain
chr3	53920000	54400000	30	30	boundary,domain
chr3	54400000	54800000	30	30	domain
chr3	54800000	56320000	30	30	domain
chr3	56320000	56560000	30	30	boundary,domain
chr3	56560000	57000000	30	27	boundary,domain
chr3	57000000	57600000	27	21	boundary,domain
chr3	57600000	57840000	21	30	boundary,domain
chr3	57840000	58000000	30	19	boundary,domain
chr3	58000000	58320000	19	29	boundary,domain
chr3	58320000	58560000	29	24	boundary,domain
chr3	58560000	58640000	24	18	boundary,domain
chr3	58640000	59200000	18	13	domain
chr3	59200000	59920000	13	22	domain
chr3	59920000	60160000	22	8	boundary,domain
chr3	60160000	61040000	8	30	domain
chr3	61040000	61080000	30	30	gap
chr3	61080000	62200000	30	25	domain
chr3	62200000	62600000	25	30	boundary,domain
chr3	62600000	63320000	30	26	domain
chr3	63320000	63840000	26	30	domain
chr3	63840000	64000000	30	30	boundary,domain
chr3	64000000	64520000	30	30	domain
chr3	64520000	65400000	30	17	domain
chr3	65400000	66240000	17	30	domain
chr3	66240000	66920000	30	25	
chr3	66920000	68000000	25	3	domain
chr3	68000000	68920000	3	16	domain
chr3	68920000	69000000	16	27	
chr3	69000000	69680000	27	13	
chr3	69680000	70000000	13	30	boundary,domain
chr3	70000000	70480000	30	28	
chr3	70480000	71680000	28	30	domain
chr3	71680000	71880000	30	18	boundary,domain
chr3	71880000	72880000	18	30	domain
chr3	72880000	73080000	30	30	
chr3	73080000	73840000	30	30	boundary,domain
chr3	73840000	75240000	30	30	domain
chr3	75240000	75960000	30	30	gap
chr3	75960000	76640000	30	14	domain
chr3	76640000	77320000	14	30	
chr3	77320000	78640000	30	30	domain
chr3	78640000	79040000	30	30	domain
chr3	79040000	79520000	30	30	boundary,domain
chr3	79520000	80480000	30	20	domain
chr3	80480000	81280000	20	30	domain
chr3	81280000	81360000	30	24	boundary,domain
chr3	81360000	82560000	24	4	boundary,domain
chr3	82560000	83560000	4	29	domain
chr3	83560000	83960000	29	30	boundary,domain
chr3	83960000	84520000	30	13	domain
chr3	84520000	85400000	13	19	domain
chr3	85400000	85600000	19	30	
chr3	85600000	85800000	30	17	boundary,domain
chr3	85800000	86680000	17	30	domain
chr3	86680000	87240000	30	30	
chr3	87240000	88200000	30	30	domain
chr3	88200000	89120000	30	14	domain
chr3	89120000	90240000	14	30	domain
chr3	90240000	93880000	30	30	gap
chr3	93880000	95520000	30	13	domain
chr3	95520000	96840000	13	30	domain
chr3	96840000	97760000	30	30	domain
chr3	97760000	98040000	30	30	boundary,domain
chr3	98040000	98360000	30	30	boundary,domain
chr3	98360000	98560000	30	30	boundary,domain
chr3	98560000	98800000	30	26	boundary,domain
chr3	98800000	99000000	26	20	boundary,domain
chr3	99000000	99800000	20	30	
chr3	99800000	100280000	30	30	domain
chr3	100280000	100800000	30	23	domain
chr3	100800000	101680000	23	30	domain
chr3	101680000	102240000	30	28	
chr3	102240000	102560000	28	23	domain
chr3	102560000	104520000	23	30	boundary,domain
chr3	104520000	105400000	30	20	domain
chr3	105400000	105520000	20	28	
chr3	105520000	107160000	28	30	
chr3	107160000	107640000	30	14	boundary,domain
chr3	107640000	107840000	14	16	boundary,domain
chr3	107840000	108600000	16	30	
chr3	108600000	109000000	30	28	boundary,domain
chr3	109000000	109240000	28	20	boundary,domain
chr3	109240000	110320000	20	13	
chr3	110320000	111560000	13	26	
chr3	111560000	111640000	26	21	
chr3	111640000	112080000	21	30	boundary,domain
chr3	112080000	112280000	30	2	
chr3	112280000	112560000	2	30	domain
chr3	112560000	113000000	30	30	boundary,domain
chr3	113000000	113720000	30	30	
chr3	113720000	113960000	30	20	boundary,domain
chr3	113960000	114160000	20	30	boundary,domain
chr3	114160000	114280000	30	3	
chr3	114280000	114360000	3	14	
chr3	114360000	115840000	14	30	domain
chr3	115840000	116760000	30	30	
chr3	116760000	118000000	30	23	
chr3	118000000	118840000	23	30	
chr3	118840000	119120000	30	30	boundary,domain
chr3	119120000	119240000	30	11	
chr3	119240000	119720000	11	29	
chr3	119720000	120240000	29	30	
chr3	120240000	120400000	30	27	
chr3	120400000	120560000	27	22	
chr3	120560000	121520000	22	30	domain
chr3	121520000	122400000	30	30	domain
chr3	122400000	123320000	30	30	
chr3	123320000	123560000	30	30	boundary,domain
chr3	123560000	124560000	30	25	boundary,domain
chr3	124560000	124720000	25	21	
chr3	124720000	124920000	21	13	boundary,domain
chr3	124920000	125680000	13	30	domain
chr3	125680000	125960000	30	30	gap
chr3	125960000	127560000	30	30	domain
chr3	127560000	128040000	30	29	boundary,domain
chr3	128040000	128600000	29	25	domain
chr3	128600000	128880000	25	24	boundary,domain
chr3	128880000	129320000	24	14	domain
chr3	129320000	130000000	14	30	domain
chr3	130000000	130200000	30	30	gap
chr3	130200000	131040000	30	14	domain
chr3	131040000	132200000	14	30	
chr3	132200000	132520000	30	20	
chr3	132520000	132720000	20	30	
chr3	132720000	133440000	30	27	domain
chr3	133440000	133640000	27	21	boundary,domain
chr3	133640000	134560000	21	28	
chr3	134560000	134760000	28	11	boundary,domain
chr3	134760000	135920000	11	27	domain
chr3	135920000	136040000	27	30	
chr3	136040000	137040000	30	28	domain
chr3	137040000	138040000	28	30	domain
chr3	138040000	138320000	30	15	boundary,domain
chr3	138320000	138960000	15	13	
chr3	138960000	139360000	13	30	domain
chr3	139360000	140880000	30	30	domain
chr3	140880000	141280000	30	30	boundary,domain
chr3	141280000	141480000	30	22	
chr3	141480000	141560000	22	24	boundary,domain
chr3	141560000	141960000	24	29	
chr3	141960000	142840000	29	5	
chr3	142840000	143040000	5	30	boundary,domain
chr3	143040000	143760000	30	27	
chr3	143760000	144680000	27	14	
chr3	144680000	146040000	14	25	
chr3	146040000	146200000	25	30	boundary,domain
chr3	146200000	146640000	30	30	boundary,domain
chr3	146640000	148240000	30	25	domain
chr3	148240000	148960000	25	30	
chr3	148960000	149080000	30	19	
chr3	149080000	149840000	19	27	
chr3	149840000	150520000	27	30	
chr3	150520000	151160000	30	30	boundary,domain
chr3	151160000	151960000	30	18	
chr3	151960000	152480000	18	30	domain
chr3	152480000	153000000	30	30	boundary,domain
chr3	153000000	154000000	30	30	domain
chr3	154000000	154280000	30	30	boundary,domain
chr3	154280000	155360000	30	30	domain
chr3	155360000	155760000	30	25	boundary,domain
chr3	155760000	155960000	25	30	boundary,domain
chr3	155960000	156520000	30	14	domain
chr3	156520000	157160000	14	30	domain
chr3	157160000	157600000	30	16	
chr3	157600000	158560000	16	18	domain
chr3	158560000	158640000	18	14	
chr3	158640000	158800000	14	30	
chr3	158800000	159280000	30	13	domain
chr3	159280000	159840000	13	23	domain
chr3	159840000	160000000	23	17	
chr3	160000000	160520000	17	28	domain
chr3	160520000	161480000	28	30	domain
chr3	161480000	163040000	30	17	domain
chr3	163040000	165200000	17	30	domain
chr3	165200000	167080000	30	9	domain
chr3	167080000	167360000	9	30	
chr3	167360000	168040000	30	21	boundary,domain
chr3	168040000	168200000	21	23	boundary,domain
chr3	168200000	168880000	23	30	domain
chr3	168880000	169760000	30	30	domain
chr3	169760000	170400000	30	18	boundary,domain
chr3	170400000	170880000	18	30	domain
chr3	170880000	171600000	30	28	domain
chr3	171600000	172360000	28	14	
chr3	172360000	172480000	14	19	
chr3	172480000	172760000	19	30	
chr3	172760000	173360000	30	15	domain
chr3	173360000	176480000	15	30	domain
chr3	176480000	176960000	30	30	boundary,domain
chr3	176960000	178400000	30	30	domain
chr3	178400000	179000000	30	30	domain
chr3	179000000	179360000	30	30	boundary,domain
chr3	179360000	179640000	30	30	boundary,domain
chr3	179640000	180640000	30	26	domain
chr3	180640000	181200000	26	27	domain
chr3	181200000	181680000	27	14	domain
chr3	181680000	182720000	14	30	domain
chr3	182720000	182880000	30	12	boundary
chr3	182880000	183080000	12	30	
chr3	183080000	183440000	30	30	boundary,domain
chr3	183440000	183880000	30	30	
chr3	183880000	184360000	30	30	boundary,domain
chr3	184360000	184560000	30	30	boundary,domain
chr3	184560000	184800000	30	23	boundary,domain
chr3	184800000	185320000	23	30	domain
chr3	185320000	185640000	30	30	boundary,domain
chr3	185640000	185960000	30	30	boundary,domain
chr3	185960000	186600000	30	29	domain
chr3	186600000	186800000	29	30	
chr3	186800000	187200000	30	18	domain
chr3	187200000	187720000	18	30	domain
chr3	187720000	188960000	30	25	domain
chr3	188960000	189240000	25	30	boundary,domain
chr3	189240000	189960000	30	30	domain
chr3	189960000	190200000	30	23	boundary,domain
chr3	190200000	190440000	23	30	boundary,domain
chr3	190440000	191080000	30	30	boundary,domain
chr3	191080000	191400000	30	27	boundary,domain
chr3	191400000	192120000	27	24	domain
chr3	192120000	192440000	24	30	
chr3	192440000	193600000	30	30	domain
chr3	193600000	194320000	30	24	
chr3	194320000	194640000	24	18	boundary,domain
chr3	194640000	195480000	18	30	domain
chr3	195480000	195680000	30	30	gap
chr3	195680000	195960000	30	30	domain
chr3	195960000	196000000	30	30	gap
chr3	196000000	196960000	30	14	domain
chr3	196960000	197640000	14	30	domain
chr3	197640000	197680000	30	30	gap
chr3	197680000	198120000	30	30	domain
chr3	198120000	198200000	30	30	gap
chr4	0	200000	30	30	gap
chr4	200000	1000000	30	30	domain
chr4	1000000	1040000	30	30	gap
chr4	1040000	1400000	30	30	domain
chr4	1400000	1440000	30	30	gap
chr4	1440000	2200000	30	16	domain
chr4	2200000	2760000	16	16	domain
chr4	2760000	3520000	16	30	
chr4	3520000	3640000	30	30	gap
chr4	3640000	3880000	30	30	domain
chr4	3880000	4200000	30	30	gap
chr4	4200000	4960000	30	16	domain
chr4	4960000	5960000	16	26	
chr4	5960000	6360000	26	30	boundary,domain
chr4	6360000	6680000	30	30	boundary,domain
chr4	6680000	6880000	30	23	boundary,domain
chr4	6880000	7120000	23	30	boundary,domain
chr4	7120000	7760000	30	18	domain
chr4	7760000	8600000	18	30	
chr4	8600000	8640000	30	30	gap
chr4	8640000	8960000	30	30	domain
chr4	8960000	9760000	30	30	gap
chr4	9760000	10560000	30	17	domain
chr4	10560000	11640000	17	1	domain
chr4	11640000	11760000	1	30	
chr4	11760000	12000000	30	8	domain
chr4	12000000	12680000	8	30	domain
chr4	12680000	13600000	30	30	domain
chr4	13600000	15440000	30	30	boundary,domain
chr4	15440000	16280000	30	30	
chr4	16280000	16440000	30	13	boundary,domain
chr4	16440000	17480000	13	30	domain
chr4	17480000	17800000	30	18	boundary,domain
chr4	17800000	18640000	18	30	domain
chr4	18640000	19200000	30	27	boundary,domain
chr4	19200000	20280000	27	30	domain
chr4	20280000	20720000	30	30	boundary,domain
chr4	20720000	21480000	30	30	domain
chr4	21480000	21760000	30	30	
chr4	21760000	22880000	30	25	
chr4	22880000	24440000	25	30	
chr4	24440000	25160000	30	30	
chr4	25160000	25400000	30	30	boundary,domain
chr4	25400000	25920000	30	30	boundary,domain
chr4	25920000	26440000	30	28	domain
chr4	26440000	27040000	28	30	domain
chr4	27040000	27680000	30	30	
chr4	27680000	27840000	30	17	boundary,domain
chr4	27840000	30720000	17	21	domain
chr4	30720000	33080000	21	30	
chr4	33080000	34720000	30	15	domain
chr4	34720000	35160000	15	13	domain
chr4	35160000	35960000	13	28	domain
chr4	35960000	36320000	28	30	boundary,domain
chr4	36320000	37440000	30	30	domain
chr4	37440000	37600000	30	26	
chr4	37600000	38040000	26	26	boundary,domain
chr4	38040000	38760000	26	30	
chr4	38760000	38880000	30	21	boundary,domain
chr4	38880000	39440000	21	30	boundary,domain
chr4	39440000	40040000	30	30	boundary,domain
chr4	40040000	40320000	30	27	boundary,domain
chr4	40320000	40720000	27	18	domain
chr4	40720000	40920000	18	30	boundary,domain
chr4	40920000	41240000	30	30	boundary,domain
chr4	41240000	41680000	30	14	domain
chr4	41680000	41920000	14	30	boundary,domain
chr4	41920000	42280000	30	24	boundary,domain
chr4	42280000	42560000	24	30	boundary,domain
chr4	42560000	43000000	30	26	boundary,domain
chr4	43000000	44680000	26	30	
chr4	44680000	45480000	30	15	domain
chr4	45480000	46320000	15	30	
chr4	46320000	46720000	30	15	domain
chr4	46720000	46800000	15	24	boundary,domain
chr4	46800000	47640000	24	30	domain
chr4	47640000	47960000	30	25	boundary,domain
chr4	47960000	48120000	25	19	boundary,domain
chr4	48120000	49080000	19	30	
chr4	49080000	51840000	30	30	gap
chr4	51840000	53000000	30	21	domain
chr4	53000000	53920000	21	16	
chr4	53920000	54280000	16	30	domain
chr4	54280000	54440000	30	25	boundary
chr4	54440000	54960000	25	30	domain
chr4	54960000	55320000	30	28	boundary,domain
chr4	55320000	55920000	28	30	domain
chr4	55920000	56400000	30	30	boundary,domain
chr4	56400000	57000000	30	30	
chr4	57000000	58880000	30	30	
chr4	58880000	58920000	30	30	gap
chr4	58920000	59200000	30	26	boundary,domain
chr4	59200000	60480000	26	28	domain
chr4	60480000	62720000	28	29	
chr4	62720000	64600000	29	30	domain
chr4	64600000	67400000	30	25	
chr4	67400000	68520000	25	30	domain
chr4	68520000	68600000	30	30	gap
chr4	68600000	69280000	30	15	domain
chr4	69280000	69640000	15	24	domain
chr4	69640000	69880000	24	29	boundary,domain
chr4	69880000	70600000	29	30	domain
chr4	70600000	71720000	30	30	
chr4	71720000	72280000	30	30	domain
chr4	72280000	72480000	30	7	boundary,domain
chr4	72480000	73080000	7	30	domain
chr4	73080000	73280000	30	30	
chr4	73280000	73480000	30	5	boundary,domain
chr4	73480000	74160000	5	30	
chr4	74160000	74320000	30	30	boundary,domain
chr4	74320000	74840000	30	30	boundary,domain
chr4	74840000	75520000	30	30	domain
chr4	75520000	75880000	30	30	boundary,domain
chr4	75880000	76120000	30	30	boundary,domain
chr4	76120000	76400000	30	22	boundary,domain
chr4	76400000	77040000	22	26	domain
chr4	77040000	77240000	26	28	boundary,domain
chr4	77240000	77320000	28	30	
chr4	77320000	77720000	30	26	boundary,domain
chr4	77720000	77920000	26	19	
chr4	77920000	78920000	19	30	domain
chr4	78920000	80240000	30	25	domain
chr4	80240000	81080000	25	30	
chr4	81080000	81400000	30	30	
chr4	81400000	82320000	30	30	domain
chr4	82320000	82840000	30	22	domain
chr4	82840000	83040000	22	22	boundary,domain
chr4	83040000	83320000	22	30	boundary,domain
chr4	83320000	83480000	30	29	
chr4	83480000	83640000	29	30	boundary,domain
chr4	83640000	84520000	30	26	domain
chr4	84520000	85080000	26	30	domain
chr4	85080000	85760000	30	30	domain
chr4	85760000	86040000	30	27	boundary,domain
chr4	86040000	86480000	27	30	boundary,domain
chr4	86480000	86920000	30	30	boundary,domain
chr4	86920000	87120000	30	27	boundary,domain
chr4	87120000	87240000	27	30	boundary,domain
chr4	87240000	88000000	30	30	boundary,domain
chr4	88000000	88520000	30	30	boundary,domain
chr4	88520000	88680000	30	27	boundary,domain
chr4	88680000	89120000	27	30	boundary,domain
chr4	89120000	89440000	30	30	boundary,domain
chr4	89440000	89920000	30	30	domain
chr4	89920000	90320000	30	24	boundary,domain
chr4	90320000	91400000	24	30	domain
chr4	91400000	91480000	30	30	gap
chr4	91480000	93760000	30	30	domain
chr4	93760000	94280000	30	24	boundary,domain
chr4	94280000	94600000	24	17	boundary,domain
chr4	94600000	95400000	17	30	domain
chr4	95400000	97040000	30	30	gap
chr4	97040000	98120000	30	24	domain
chr4	98120000	99080000	24	30	
chr4	99080000	99520000	30	30	boundary,domain
chr4	99520000	99960000	30	30	boundary,domain
chr4	99960000	101160000	30	27	boundary,domain
chr4	101160000	102400000	27	30	domain
chr4	102400000	103120000	30	30	boundary,domain
chr4	103120000	104000000	30	30	
chr4	104000000	104880000	30	21	
chr4	104880000	105480000	21	28	domain
chr4	105480000	105720000	28	15	boundary,domain
chr4	105720000	106240000	15	27	domain
chr4	106240000	106320000	27	21	
chr4	106320000	106560000	21	21	boundary,domain
chr4	106560000	106960000	21	28	boundary,domain
chr4	106960000	107360000	28	9	
chr4	107360000	107520000	9	15	
chr4	107520000	107760000	15	30	boundary,domain
chr4	107760000	108000000	30	30	boundary,domain
chr4	108000000	108640000	30	30	domain
chr4	108640000	109400000	30	30	
chr4	109400000	110000000	30	30	boundary,domain
chr4	110000000	110560000	30	30	domain
chr4	110560000	111640000	30	27	domain
chr4	111640000	112040000	27	30	boundary,domain
chr4	112040000	112600000	30	23	domain
chr4	112600000	112800000	23	25	
chr4	112800000	113000000	25	30	
chr4	113000000	113280000	30	4	
chr4	113280000	113920000	4	11	domain
chr4	113920000	114760000	11	30	domain
chr4	114760000	115000000	30	1	
chr4	115000000	116040000	1	29	domain
chr4	116040000	117120000	29	23	
chr4	117120000	118400000	23	30	domain
chr4	118400000	118680000	30	30	gap
chr4	118680000	119360000	30	30	domain
chr4	119360000	119480000	30	30	gap
chr4	119480000	121160000	30	30	domain
chr4	121160000	121320000	30	27	boundary,domain
chr4	121320000	121440000	27	22	boundary,domain
chr4	121440000	121800000	22	30	boundary,domain
chr4	121800000	122600000	30	30	domain
chr4	122600000	122720000	30	25	
chr4	122720000	123000000	25	26	boundary,domain
chr4	123000000	124320000	26	30	
chr4	124320000	125280000	30	30	domain
chr4	125280000	126000000	30	3	
chr4	126000000	126600000	3	18	
chr4	126600000	127600000	18	30	
chr4	127600000	127760000	30	30	boundary,domain
chr4	127760000	128080000	30	27	boundary,domain
chr4	128080000	128880000	27	23	
chr4	128880000	129280000	23	29	boundary,domain
chr4	129280000	130840000	29	18	domain
chr4	130840000	131680000	18	30	
chr4	131680000	131960000	30	30	gap
chr4	131960000	132640000	30	14	
chr4	132640000	133120000	14	26	domain
chr4	133120000	134920000	26	30	domain
chr4	134920000	136920000	30	30	domain
chr4	136920000	137720000	30	30	domain
chr4	137720000	138000000	30	9	boundary,domain
chr4	138000000	138720000	9	10	domain
chr4	138720000	139000000	10	30	
chr4	139000000	139440000	30	27	boundary,domain
chr4	139440000	139680000	27	30	boundary,domain
chr4	139680000	140360000	30	25	domain
chr4	140360000	140880000	25	30	boundary,domain
chr4	140880000	141160000	30	30	boundary,domain
chr4	141160000	142080000	30	17	
chr4	142080000	142880000	17	19	domain
chr4	142880000	143800000	19	30	domain
chr4	143800000	144160000	30	30	gap
chr4	144160000	145120000	30	21	domain
chr4	145120000	145640000	21	30	
chr4	145640000	146240000	30	26	
chr4	146240000	146960000	26	27	domain
chr4	146960000	147640000	27	30	
chr4	147640000	147880000	30	30	
chr4	147880000	149320000	30	30	domain
chr4	149320000	149920000	30	30	boundary,domain
chr4	149920000	150280000	30	30	boundary,domain
chr4	150280000	151080000	30	30	
chr4	151080000	151680000	30	18	domain
chr4	151680000	152400000	18	30	
chr4	152400000	152760000	30	30	boundary,domain
chr4	152760000	153120000	30	30	boundary,domain
chr4	153120000	153320000	30	30	boundary,domain
chr4	153320000	153640000	30	26	
chr4	153640000	153760000	26	30	boundary,domain
chr4	153760000	154520000	30	30	boundary,domain
chr4	154520000	154800000	30	30	boundary,domain
chr4	154800000	155400000	30	20	
chr4	155400000	155800000	20	27	domain
chr4	155800000	155960000	27	30	boundary,domain
chr4	155960000	157200000	30	29	domain
chr4	157200000	157960000	29	30	domain
chr4	157960000	158240000	30	30	boundary,domain
chr4	158240000	158680000	30	30	boundary,domain
chr4	158680000	159480000	30	30	
chr4	159480000	162480000	30	30	
chr4	162480000	163560000	30	14	domain
chr4	163560000	164240000	14	30	
chr4	164240000	164280000	30	30	gap
chr4	164280000	165240000	30	30	domain
chr4	165240000	165280000	30	30	gap
chr4	165280000	166120000	30	18	domain
chr4	166120000	166960000	18	17	boundary,domain
chr4	166960000	167680000	17	24	domain
chr4	167680000	168160000	24	30	boundary,domain
chr4	168160000	168920000	30	29	
chr4	168920000	169600000	29	30	
chr4	169600000	170120000	30	30	
chr4	170120000	170960000	30	11	domain
chr4	170960000	171840000	11	19	domain
chr4	171840000	172200000	19	26	domain
chr4	172200000	172840000	26	30	domain
chr4	172840000	173480000	30	30	
chr4	173480000	174160000	30	28	
chr4	174160000	174320000	28	30	boundary,domain
chr4	174320000	174720000	30	30	boundary,domain
chr4	174720000	175560000	30	30	domain
chr4	175560000	175960000	30	30	boundary,domain
chr4	175960000	176360000	30	30	boundary,domain
chr4	176360000	177240000	30	21	
chr4	177240000	177400000	21	25	boundary,domain
chr4	177400000	178560000	25	14	
chr4	178560000	179320000	14	17	domain
chr4	179320000	179840000	17	30	domain
chr4	179840000	180040000	30	21	boundary,domain
chr4	180040000	180680000	21	30	
chr4	180680000	181560000	30	21	domain
chr4	181560000	182880000	21	30	domain
chr4	182880000	183280000	30	8	
chr4	183280000	183440000	8	30	boundary,domain
chr4	183440000	184240000	30	30	
chr4	184240000	184720000	30	30	boundary,domain
chr4	184720000	185160000	30	30	boundary,domain
chr4	185160000	185400000	30	28	boundary,domain
chr4	185400000	186240000	28	30	boundary,domain
chr4	186240000	186600000	30	27	boundary,domain
chr4	186600000	187600000	27	14	domain
chr4	187600000	188440000	14	25	domain
chr4	188440000	189560000	25	30	domain
chr4	189560000	189760000	30	30	gap
chr4	189760000	189960000	30	30	domain
chr4	189960000	190200000	30	30	gap
chr5	0	40000	30	30	gap
chr5	40000	240000	30	30	domain
chr5	240000	280000	30	30	gap
chr5	280000	680000	30	30	domain
chr5	680000	880000	30	30	gap
chr5	880000	1040000	30	30	domain
chr5	1040000	1080000	30	30	gap
chr5	1080000	1560000	30	30	domain
chr5	1560000	1640000	30	30	gap
chr5	1640000	4880000	30	30	domain
chr5	4880000	5440000	30	30	boundary,domain
chr5	5440000	6600000	30	14	domain
chr5	6600000	7280000	14	30	
chr5	7280000	7320000	30	30	gap
chr5	7320000	9240000	30	30	domain
chr5	9240000	10240000	30	30	
chr5	10240000	10440000	30	29	boundary,domain
chr5	10440000	10680000	29	30	boundary,domain
chr5	10680000	12080000	30	30	domain
chr5	12080000	13960000	30	30	
chr5	13960000	14360000	30	30	boundary,domain
chr5	14360000	14680000	30	30	boundary,domain
chr5	14680000	15040000	30	30	boundary,domain
chr5	15040000	16120000	30	22	domain
chr5	16120000	16480000	22	23	boundary,domain
chr5	16480000	16680000	23	16	boundary,domain
chr5	16680000	17520000	16	30	domain
chr5	17520000	17600000	30	30	gap
chr5	17600000	18320000	30	16	domain
chr5	18320000	18720000	16	26	boundary,domain
chr5	18720000	19640000	26	16	domain
chr5	19640000	20720000	16	30	domain
chr5	20720000	20920000	30	30	gap
chr5	20920000	21280000	30	30	domain
chr5	21280000	21560000	30	30	gap
chr5	21560000	21960000	30	30	domain
chr5	21960000	22200000	30	30	gap
chr5	22200000	23200000	30	22	domain
chr5	23200000	23800000	22	30	domain
chr5	23800000	24000000	30	12	boundary,domain
chr5	24000000	24160000	12	30	boundary,domain
chr5	24160000	25760000	30	13	
chr5	25760000	26720000	13	30	domain
chr5	26720000	28800000	30	30	domain
chr5	28800000	28920000	30	30	
chr5	28920000	31280000	30	16	domain
chr5	31280000	31520000	16	30	
chr5	31520000	32120000	30	28	boundary,domain
chr5	32120000	32440000	28	26	domain
chr5	32440000	32640000	26	30	
chr5	32640000	33440000	30	13	domain
chr5	33440000	34080000	13	30	domain
chr5	34080000	34400000	30	30	gap
chr5	34400000	35760000	30	2	domain
chr5	35760000	35960000	2	30	
chr5	35960000	36720000	30	30	boundary,domain
chr5	36720000	37040000	30	26	boundary,domain
chr5	37040000	37360000	26	30	boundary,domain
chr5	37360000	38200000	30	30	domain
chr5	38200000	39120000	30	27	boundary,domain
chr5	39120000	39360000	27	21	boundary,domain
chr5	39360000	39560000	21	30	boundary,domain
chr5	39560000	40720000	30	28	domain
chr5	40720000	40880000	28	29	boundary,domain
chr5	40880000	41680000	29	30	domain
chr5	41680000	41840000	30	28	boundary,domain
chr5	41840000	42920000	28	30	
chr5	42920000	43080000	30	27	boundary,domain
chr5	43080000	43560000	27	30	boundary,domain
chr5	43560000	44480000	30	18	
chr5	44480000	44840000	18	23	boundary,domain
chr5	44840000	45880000	23	30	domain
chr5	45880000	50640000	30	30	gap
chr5	50640000	52000000	30	14	domain
chr5	52000000	52680000	14	30	domain
chr5	52680000	52920000	30	30	
chr5	52920000	53120000	30	30	boundary,domain
chr5	53120000	54240000	30	30	domain
chr5	54240000	54480000	30	30	boundary,domain
chr5	54480000	54880000	30	30	
chr5	54880000	55160000	30	30	boundary,domain
chr5	55160000	55720000	30	30	
chr5	55720000	55920000	30	30	boundary,domain
chr5	55920000	56240000	30	30	boundary,domain
chr5	56240000	56880000	30	18	domain
chr5	56880000	57280000	18	30	boundary,domain
chr5	57280000	57880000	30	15	
chr5	57880000	58480000	15	16	domain
chr5	58480000	58880000	16	30	domain
chr5	58880000	59040000	30	24	
chr5	59040000	59800000	24	30	
chr5	59800000	60680000	30	30	domain
chr5	60680000	60960000	30	30	boundary,domain
chr5	60960000	61960000	30	25	domain
chr5	61960000	62200000	25	30	
chr5	62200000	62400000	30	30	
chr5	62400000	62800000	30	30	boundary,domain
chr5	62800000	63080000	30	16	boundary,domain
chr5	63080000	63360000	16	20	boundary,domain
chr5	63360000	64080000	20	30	domain
chr5	64080000	64640000	30	21	domain
chr5	64640000	64800000	21	19	boundary,domain
chr5	64800000	65560000	19	30	
chr5	65560000	66240000	30	30	boundary,domain
chr5	66240000	66800000	30	30	domain
chr5	66800000	67200000	30	30	
chr5	67200000	68280000	30	28	domain
chr5	68280000	69520000	28	30	domain
chr5	69520000	71440000	30	30	gap
chr5	71440000	72320000	30	19	domain
chr5	72320000	72520000	19	22	
chr5	72520000	72920000	22	30	boundary,domain
chr5	72920000	73200000	30	24	boundary,domain
chr5	73200000	73520000	24	30	boundary,domain
chr5	73520000	73840000	30	30	
chr5	73840000	74680000	30	30	domain
chr5	74680000	74920000	30	30	
chr5	74920000	75320000	30	10	boundary,domain
chr5	75320000	75720000	10	27	domain
chr5	75720000	76280000	27	16	domain
chr5	76280000	76800000	16	30	
chr5	76800000	77040000	30	30	boundary,domain
chr5	77040000	77520000	30	30	boundary,domain
chr5	77520000	78280000	30	30	domain
chr5	78280000	79000000	30	30	boundary,domain
chr5	79000000	79120000	30	12	boundary,domain
chr5	79120000	79920000	12	9	domain
chr5	79920000	80080000	9	30	
chr5	80080000	80320000	30	30	boundary,domain
chr5	80320000	80680000	30	30	boundary,domain
chr5	80680000	81320000	30	30	boundary,domain
chr5	81320000	82280000	30	30	domain
chr5	82280000	83600000	30	19	domain
chr5	83600000	85080000	19	25	domain
chr5	85080000	86280000	25	30	domain
chr5	86280000	86320000	30	30	gap
chr5	86320000	87040000	30	15	domain
chr5	87040000	87400000	15	24	boundary,domain
chr5	87400000	88720000	24	30	domain
chr5	88720000	90400000	30	30	domain
chr5	90400000	90800000	30	30	boundary,domain
chr5	90800000	91480000	30	29	
chr5	91480000	93600000	29	26	domain
chr5	93600000	93920000	26	17	boundary,domain
chr5	93920000	94920000	17	30	domain
chr5	94920000	95280000	30	30	boundary,domain
chr5	95280000	95640000	30	30	boundary,domain
chr5	95640000	95840000	30	26	
chr5	95840000	96360000	26	17	domain
chr5	96360000	96600000	17	11	boundary,domain
chr5	96600000	96720000	11	29	boundary,domain
chr5	96720000	97200000	29	30	boundary,domain
chr5	97200000	99200000	30	30	domain
chr5	99200000	99240000	30	30	gap
chr5	99240000	99400000	30	30	domain
chr5	99400000	99560000	30	30	gap
chr5	99560000	100040000	30	30	domain
chr5	100040000	100120000	30	30	gap
chr5	100120000	100320000	30	30	domain
chr5	100320000	100400000	30	30	gap
chr5	100400000	102240000	30	29	domain
chr5	102240000	102560000	29	30	boundary,domain
chr5	102560000	103200000	30	30	domain
chr5	103200000	103560000	30	30	boundary,domain
chr5	103560000	104240000	30	12	domain
chr5	104240000	106160000	12	28	domain
chr5	106160000	107680000	28	18	
chr5	107680000	108440000	18	30	domain
chr5	108440000	109520000	30	17	domain
chr5	109520000	109680000	17	19	
chr5	109680000	110440000	19	11	domain
chr5	110440000	110720000	11	30	boundary,domain
chr5	110720000	111320000	30	24	boundary,domain
chr5	111320000	111480000	24	28	
chr5	111480000	112160000	28	30	domain
chr5	112160000	112960000	30	30	boundary,domain
chr5	112960000	113600000	30	30	
chr5	113600000	115080000	30	30	
chr5	115080000	115280000	30	30	boundary,domain
chr5	115280000	115600000	30	30	boundary,domain
chr5	115600000	115840000	30	25	boundary,domain
chr5	115840000	116080000	25	30	boundary,domain
chr5	116080000	117400000	30	30	domain
chr5	117400000	118840000	30	9	domain
chr5	118840000	118960000	9	30	
chr5	118960000	119440000	30	30	boundary,domain
chr5	119440000	120480000	30	14	domain
chr5	120480000	120600000	14	21	
chr5	120600000	120800000	21	30	
chr5	120800000	121960000	30	30	domain
chr5	121960000	122160000	30	30	boundary,domain
chr5	122160000	122480000	30	30	boundary,domain
chr5	122480000	123400000	30	20	domain
chr5	123400000	123640000	20	30	boundary,domain
chr5	123640000	126320000	30	30	domain
chr5	126320000	126600000	30	30	boundary,domain
chr5	126600000	126840000	30	26	boundary,domain
chr5	126840000	127280000	26	17	domain
chr5	127280000	127520000	17	30	boundary,domain
chr5	127520000	128200000	30	20	domain
chr5	128200000	128680000	20	8	domain
chr5	128680000	128880000	8	30	boundary,domain
chr5	128880000	129880000	30	30	boundary,domain
chr5	129880000	131160000	30	30	
chr5	131160000	131400000	30	30	
chr5	131400000	132080000	30	30	boundary,domain
chr5	132080000	132400000	30	23	boundary,domain
chr5	132400000	132520000	23	30	boundary,domain
chr5	132520000	132920000	30	30	boundary,domain
chr5	132920000	133080000	30	30	boundary,domain
chr5	133080000	133360000	30	28	
chr5	133360000	134000000	28	30	domain
chr5	134000000	134160000	30	30	boundary,domain
chr5	134160000	134280000	30	29	boundary,domain
chr5	134280000	134920000	29	30	boundary,domain
chr5	134920000	135360000	30	19	boundary,domain
chr5	135360000	135440000	19	29	boundary,domain
chr5	135440000	135840000	29	30	boundary,domain
chr5	135840000	136240000	30	30	domain
chr5	136240000	136800000	30	21	domain
chr5	136800000	137600000	21	30	
chr5	137600000	137760000	30	27	boundary,domain
chr5	137760000	138160000	27	30	boundary,domain
chr5	138160000	138520000	30	29	
chr5	138520000	139400000	29	24	
chr5	139400000	139600000	24	25	boundary,domain
chr5	139600000	139760000	25	30	boundary,domain
chr5	139760000	140000000	30	30	boundary,domain
chr5	140000000	140160000	30	30	
chr5	140160000	140360000	30	30	
chr5	140360000	140760000	30	30	boundary,domain
chr5	140760000	141080000	30	18	boundary,domain
chr5	141080000	141360000	18	20	boundary,domain
chr5	141360000	141560000	20	30	boundary,domain
chr5	141560000	141960000	30	30	
chr5	141960000	142120000	30	20	
chr5	142120000	142720000	20	28	
chr5	142720000	142920000	28	30	boundary,domain
chr5	142920000	144200000	30	30	domain
chr5	144200000	145240000	30	16	domain
chr5	145240000	146080000	16	30	domain
chr5	146080000	146520000	30	30	boundary,domain
chr5	146520000	147200000	30	18	
chr5	147200000	147440000	18	27	boundary,domain
chr5	147440000	147600000	27	30	
chr5	147600000	147840000	30	30	boundary,domain
chr5	147840000	148720000	30	30	
chr5	148720000	149120000	30	29	
chr5	149120000	149280000	29	30	boundary,domain
chr5	149280000	149600000	30	30	boundary,domain
chr5	149600000	149840000	30	9	boundary,domain
chr5	149840000	150000000	9	30	boundary,domain
chr5	150000000	150440000	30	30	boundary,domain
chr5	150440000	150680000	30	26	boundary,domain
chr5	150680000	150880000	26	2	
chr5	150880000	151120000	2	5	boundary
chr5	151120000	151240000	5	26	boundary,domain
chr5	151240000	151800000	26	30	boundary,domain
chr5	151800000	152520000	30	30	boundary,domain
chr5	152520000	153200000	30	14	domain
chr5	153200000	153960000	14	30	domain
chr5	153960000	154440000	30	14	domain
chr5	154440000	154640000	14	16	boundary,domain
chr5	154640000	154960000	16	24	boundary,domain
chr5	154960000	155040000	24	6	
chr5	155040000	156040000	6	30	domain
chr5	156040000	156080000	30	30	gap
chr5	156080000	157160000	30	24	domain
chr5	157160000	157760000	24	30	boundary,domain
chr5	157760000	158000000	30	29	
chr5	158000000	159160000	29	30	domain
chr5	159160000	160000000	30	30	domain
chr5	160000000	160400000	30	30	boundary,domain
chr5	160400000	161800000	30	24	domain
chr5	161800000	163440000	24	30	domain
chr5	163440000	165480000	30	26	domain
chr5	165480000	166960000	26	15	domain
chr5	166960000	167600000	15	16	domain
chr5	167600000	168080000	16	11	domain
chr5	168080000	168240000	11	30	boundary,domain
chr5	168240000	168480000	30	27	boundary,domain
chr5	168480000	169600000	27	28	
chr5	169600000	170080000	28	29	
chr5	170080000	170200000	29	30	boundary,domain
chr5	170200000	170440000	30	30	boundary,domain
chr5	170440000	170640000	30	30	boundary,domain
chr5	170640000	171400000	30	30	
chr5	171400000	172080000	30	30	
chr5	172080000	172440000	30	30	boundary,domain
chr5	172440000	172720000	30	30	boundary,domain
chr5	172720000	172960000	30	30	boundary,domain
chr5	172960000	173280000	30	29	domain
chr5	173280000	173600000	29	19	boundary,domain
chr5	173600000	174000000	19	30	domain
chr5	174000000	174320000	30	30	boundary,domain
chr5	174320000	174880000	30	17	
chr5	174880000	175920000	17	30	domain
chr5	175920000	176280000	30	30	gap
chr5	176280000	177640000	30	30	domain
chr5	177640000	178040000	30	30	gap
chr5	178040000	178840000	30	11	
chr5	178840000	179160000	11	16	domain
chr5	179160000	179560000	16	30	domain
chr5	179560000	179840000	30	24	
chr5	179840000	180120000	24	26	boundary,domain
chr5	180120000	181280000	26	30	domain
chr5	181280000	181360000	30	30	gap
chr6	120000	160000	30	30	gap
chr6	160000	1480000	30	28	domain
chr6	1480000	2760000	28	30	domain
chr6	2760000	3000000	30	28	boundary,domain
chr6	3000000	3080000	28	30	boundary,domain
chr6	3080000	3240000	30	29	
chr6	3240000	3760000	29	25	domain
chr6	3760000	4040000	25	30	boundary,domain
chr6	4040000	4200000	30	24	boundary,domain
chr6	4200000	5040000	24	26	domain
chr6	5040000	5400000	26	30	boundary,domain
chr6	5400000	6560000	30	30	domain
chr6	6560000	7280000	30	24	domain
chr6	7280000	7640000	24	30	boundary,domain
chr6	7640000	8120000	30	30	boundary,domain
chr6	8120000	8240000	30	24	boundary,domain
chr6	8240000	10440000	24	30	domain
chr6	10440000	11120000	30	13	
chr6	11120000	11560000	13	30	domain
chr6	11560000	12280000	30	15	domain
chr6	12280000	12640000	15	30	domain
chr6	12640000	12880000	30	30	boundary,domain
chr6	12880000	13320000	30	30	domain
chr6	13320000	13600000	30	30	boundary,domain
chr6	13600000	14160000	30	30	boundary,domain
chr6	14160000	15520000	30	19	domain
chr6	15520000	15640000	19	30	
chr6	15640000	16240000	30	30	
chr6	16240000	17120000	30	30	domain
chr6	17120000	17600000	30	15	domain
chr6	17600000	17840000	15	17	boundary,domain
chr6	17840000	18280000	17	25	
chr6	18280000	18520000	25	30	boundary,domain
chr6	18520000	18960000	30	18	boundary,domain
chr6	18960000	20080000	18	30	domain
chr6	20080000	20520000	30	30	
chr6	20520000	21600000	30	23	domain
chr6	21600000	24080000	23	6	domain
chr6	24080000	24280000	6	27	
chr6	24280000	24400000	27	30	
chr6	24400000	24720000	30	26	boundary,domain
chr6	24720000	25080000	26	21	
chr6	25080000	26000000	21	15	boundary,domain
chr6	26000000	26680000	15	30	
chr6	26680000	27000000	30	30	gap
chr6	27000000	27800000	30	16	domain
chr6	27800000	28400000	16	17	
chr6	28400000	28680000	17	30	
chr6	28680000	29040000	30	30	boundary,domain
chr6	29040000	29640000	30	30	domain
chr6	29640000	29840000	30	22	boundary,domain
chr6	29840000	30080000	22	30	boundary,domain
chr6	30080000	30200000	30	30	boundary,domain
chr6	30200000	30480000	30	29	boundary,domain
chr6	30480000	30600000	29	28	
chr6	30600000	31120000	28	16	domain
chr6	31120000	31200000	16	9	
chr6	31200000	31520000	9	17	boundary,domain
chr6	31520000	32000000	17	30	domain
chr6	32000000	32040000	30	30	gap
chr6	32040000	32480000	30	30	domain
chr6	32480000	32600000	30	30	gap
chr6	32600000	33280000	30	14	
chr6	33280000	33560000	14	14	boundary,domain
chr6	33560000	34160000	14	30	
chr6	34160000	34440000	30	19	boundary,domain
chr6	34440000	35280000	19	30	domain
chr6	35280000	35480000	30	30	boundary,domain
chr6	35480000	35760000	30	30	boundary,domain
chr6	35760000	36400000	30	30	boundary,domain
chr6	36400000	36600000	30	30	boundary,domain
chr6	36600000	36760000	30	29	boundary,domain
chr6	36760000	37000000	29	20	boundary,domain
chr6	37000000	37240000	20	30	
chr6	37240000	37680000	30	30	
chr6	37680000	38680000	30	26	
chr6	38680000	39320000	26	30	boundary,domain
chr6	39320000	39960000	30	5	domain
chr6	39960000	40880000	5	18	domain
chr6	40880000	41080000	18	30	
chr6	41080000	41320000	30	30	boundary,domain
chr6	41320000	41720000	30	29	
chr6	41720000	41800000	29	11	boundary,domain
chr6	41800000	42080000	11	30	boundary,domain
chr6	42080000	42200000	30	30	boundary,domain
chr6	42200000	42560000	30	30	boundary,domain
chr6	42560000	42880000	30	30	boundary,domain
chr6	42880000	43200000	30	30	boundary,domain
chr6	43200000	43520000	30	29	boundary,domain
chr6	43520000	43600000	29	23	
chr6	43600000	44080000	23	30	domain
chr6	44080000	44160000	30	7	
chr6	44160000	44440000	7	30	
chr6	44440000	45960000	30	30	domain
chr6	45960000	46640000	30	17	
chr6	46640000	47080000	17	30	
chr6	47080000	47360000	30	29	boundary,domain
chr6	47360000	47640000	29	24	boundary,domain
chr6	47640000	47760000	24	30	
chr6	47760000	49440000	30	30	domain
chr6	49440000	49920000	30	29	boundary,domain
chr6	49920000	50080000	29	30	
chr6	50080000	50640000	30	24	domain
chr6	50640000	50760000	24	23	
chr6	50760000	51560000	23	17	domain
chr6	51560000	52080000	17	30	domain
chr6	52080000	52280000	30	30	boundary,domain
chr6	52280000	52400000	30	30	boundary,domain
chr6	52400000	53080000	30	23	domain
chr6	53080000	53760000	23	30	
chr6	53760000	53960000	30	30	boundary,domain
chr6	53960000	55240000	30	30	domain
chr6	55240000	56000000	30	17	domain
chr6	56000000	56320000	17	23	
chr6	56320000	56600000	23	15	domain
chr6	56600000	57360000	15	30	
chr6	57360000	61520000	30	30	gap
chr6	61520000	62840000	30	30	domain
chr6	62840000	62880000	30	30	gap
chr6	62880000	63840000	30	21	domain
chr6	63840000	65280000	21	30	domain
chr6	65280000	65320000	30	30	gap
chr6	65320000	66560000	30	28	
chr6	66560000	66920000	28	29	boundary,domain
chr6	66920000	68320000	29	18	
chr6	68320000	68800000	18	30	boundary,domain
chr6	68800000	69000000	30	10	boundary,domain
chr6	69000000	70200000	10	30	domain
chr6	70200000	71080000	30	30	domain
chr6	71080000	71360000	30	27	boundary,domain
chr6	71360000	71520000	27	30	boundary,domain
chr6	71520000	72120000	30	28	domain
chr6	72120000	72400000	28	20	boundary,domain
chr6	72400000	73200000	20	12	domain
chr6	73200000	73440000	12	24	boundary,domain
chr6	73440000	73680000	24	30	boundary,domain
chr6	73680000	75240000	30	30	domain
chr6	75240000	75600000	30	30	boundary,domain
chr6	75600000	75880000	30	22	
chr6	75880000	77480000	22	30	
chr6	77480000	78880000	30	23	domain
chr6	78880000	79760000	23	23	
chr6	79760000	79880000	23	30	boundary,domain
chr6	79880000	80120000	30	27	boundary,domain
chr6	80120000	81320000	27	30	
chr6	81320000	81360000	30	30	gap
chr6	81360000	82240000	30	19	domain
chr6	82240000	83080000	19	22	domain
chr6	83080000	83560000	22	30	boundary,domain
chr6	83560000	84240000	30	30	
chr6	84240000	85360000	30	30	domain
chr6	85360000	85640000	30	27	
chr6	85640000	86840000	27	30	domain
chr6	86840000	91160000	30	30	gap
chr6	91160000	92800000	30	19	
chr6	92800000	93440000	19	30	
chr6	93440000	94280000	30	13	domain
chr6	94280000	95000000	13	30	domain
chr6	95000000	95080000	30	30	gap
chr6	95080000	96520000	30	30	domain
chr6	96520000	97080000	30	30	
chr6	97080000	98040000	30	12	domain
chr6	98040000	99280000	12	30	domain
chr6	99280000	99440000	30	28	boundary,domain
chr6	99440000	99560000	28	2	
chr6	99560000	99840000	2	30	
chr6	99840000	100680000	30	30	
chr6	100680000	103480000	30	30	domain
chr6	103480000	103520000	30	30	gap
chr6	103520000	104560000	30	21	domain
chr6	104560000	104800000	21	30	
chr6	104800000	105080000	30	30	boundary,domain
chr6	105080000	105440000	30	30	boundary,domain
chr6	105440000	106320000	30	30	domain
chr6	106320000	107000000	30	30	boundary,domain
chr6	107000000	107880000	30	23	
chr6	107880000	107960000	23	22	
chr6	107960000	108080000	22	19	boundary,domain
chr6	108080000	108520000	19	30	
chr6	108520000	109080000	30	30	
chr6	109080000	109440000	30	29	boundary,domain
chr6	109440000	109520000	29	27	
chr6	109520000	109680000	27	16	boundary,domain
chr6	109680000	110440000	16	30	
chr6	110440000	111000000	30	30	domain
chr6	111000000	111240000	30	30	boundary,domain
chr6	111240000	111680000	30	22	domain
chr6	111680000	112080000	22	30	domain
chr6	112080000	112320000	30	30	boundary,domain
chr6	112320000	112760000	30	27	boundary,domain
chr6	112760000	113960000	27	30	domain
chr6	113960000	114680000	30	16	
chr6	114680000	115960000	16	25	domain
chr6	115960000	116120000	25	22	
chr6	116120000	116240000	22	25	boundary,domain
chr6	116240000	116680000	25	30	boundary,domain
chr6	116680000	117320000	30	30	
chr6	117320000	117840000	30	20	domain
chr6	117840000	118560000	20	14	domain
chr6	118560000	118920000	14	30	boundary,domain
chr6	118920000	119120000	30	30	boundary,domain
chr6	119120000	120360000	30	17	domain
chr6	120360000	121040000	17	25	
chr6	121040000	121400000	25	17	boundary,domain
chr6	121400000	122360000	17	30	
chr6	122360000	122840000	30	14	boundary,domain
chr6	122840000	123360000	14	30	domain
chr6	123360000	123760000	30	28	domain
chr6	123760000	124840000	28	30	domain
chr6	124840000	125800000	30	30	
chr6	125800000	126000000	30	30	
chr6	126000000	127280000	30	30	
chr6	127280000	127680000	30	28	
chr6	127680000	128760000	28	25	domain
chr6	128760000	129480000	25	30	domain
chr6	129480000	130040000	30	30	boundary,domain
chr6	130040000	130880000	30	28	
chr6	130880000	131640000	28	30	
chr6	131640000	131920000	30	30	boundary,domain
chr6	131920000	132280000	30	30	boundary,domain
chr6	132280000	132520000	30	30	boundary,domain
chr6	132520000	132640000	30	3	
chr6	132640000	132800000	3	30	
chr6	132800000	133560000	30	30	domain
chr6	133560000	133920000	30	30	boundary,domain
chr6	133920000	134120000	30	30	
chr6	134120000	134960000	30	30	domain
chr6	134960000	135440000	30	30	boundary,domain
chr6	135440000	136280000	30	30	domain
chr6	136280000	136560000	30	30	
chr6	136560000	136840000	30	30	boundary,domain
chr6	136840000	137040000	30	30	boundary,domain
chr6	137040000	137680000	30	30	domain
chr6	137680000	138000000	30	30	boundary,domain
chr6	138000000	138320000	30	23	boundary,domain
chr6	138320000	138600000	23	30	boundary,domain
chr6	138600000	138800000	30	30	boundary,domain
chr6	138800000	139200000	30	24	boundary,domain
chr6	139200000	139360000	24	30	boundary,domain
chr6	139360000	141640000	30	30	domain
chr6	141640000	142120000	30	30	boundary,domain
chr6	142120000	142440000	30	29	boundary,domain
chr6	142440000	143520000	29	30	
chr6	143520000	144080000	30	30	boundary,domain
chr6	144080000	144560000	30	30	boundary,domain
chr6	144560000	145720000	30	30	
chr6	145720000	145920000	30	30	boundary,domain
chr6	145920000	146800000	30	30	domain
chr6	146800000	147360000	30	24	domain
chr6	147360000	148160000	24	30	
chr6	148160000	148520000	30	30	boundary,domain
chr6	148520000	149000000	30	29	boundary,domain
chr6	149000000	149560000	29	30	domain
chr6	149560000	149760000	30	18	
chr6	149760000	150040000	18	30	
chr6	150040000	150400000	30	15	domain
chr6	150400000	150840000	15	30	domain
chr6	150840000	151400000	30	30	boundary,domain
chr6	151400000	152400000	30	23	domain
chr6	152400000	152720000	23	22	boundary,domain
chr6	152720000	152960000	22	30	boundary,domain
chr6	152960000	154120000	30	30	
chr6	154120000	154360000	30	17	boundary,domain
chr6	154360000	154640000	17	18	domain
chr6	154640000	155320000	18	30	domain
chr6	155320000	156560000	30	16	domain
chr6	156560000	157280000	16	13	
chr6	157280000	157920000	13	30	domain
chr6	157920000	159680000	30	30	gap
chr6	159680000	160600000	30	30	domain
chr6	160600000	160720000	30	30	gap
chr6	160720000	161400000	30	14	domain
chr6	161400000	164120000	14	12	
chr6	164120000	165240000	12	30	domain
chr6	165240000	165880000	30	29	domain
chr6	165880000	166120000	29	22	boundary,domain
chr6	166120000	166400000	22	16	boundary,domain
chr6	166400000	167160000	16	30	domain
chr6	167160000	167200000	30	30	gap
chr6	167200000	167360000	30	30	domain
chr6	167360000	167400000	30	30	gap
chr6	167400000	167600000	30	30	domain
chr6	167600000	167640000	30	30	gap
chr6	167640000	168120000	30	13	
chr6	168120000	168360000	13	21	boundary,domain
chr6	168360000	168880000	21	30	domain
chr6	168880000	169720000	30	19	domain
chr6	169720000	170600000	19	30	
chr6	170600000	170760000	30	30	gap
chr7	0	280000	30	30	gap
chr7	280000	880000	30	30	domain
chr7	880000	1040000	30	30	gap
chr7	1040000	1800000	30	30	domain
chr7	1800000	1880000	30	30	gap
chr7	1880000	2680000	30	17	
chr7	2680000	2880000	17	22	boundary,domain
chr7	2880000	4600000	22	14	
chr7	4600000	5280000	14	30	
chr7	5280000	5320000	30	30	gap
chr7	5320000	5880000	30	30	domain
chr7	5880000	6000000	30	30	gap
chr7	6000000	6720000	30	30	domain
chr7	6720000	7000000	30	30	gap
chr7	7000000	7800000	30	5	domain
chr7	7800000	8400000	5	30	boundary,domain
chr7	8400000	11360000	30	30	
chr7	11360000	12520000	30	29	
chr7	12520000	12640000	29	30	
chr7	12640000	13280000	30	30	domain
chr7	13280000	14160000	30	30	domain
chr7	14160000	14480000	30	26	boundary,domain
chr7	14480000	14680000	26	30	boundary,domain
chr7	14680000	15280000	30	27	boundary,domain
chr7	15280000	16080000	27	30	domain
chr7	16080000	16640000	30	30	domain
chr7	16640000	16920000	30	24	
chr7	16920000	17680000	24	30	domain
chr7	17680000	18320000	30	15	domain
chr7	18320000	19680000	15	30	domain
chr7	19680000	20680000	30	29	domain
chr7	20680000	22480000	29	30	
chr7	22480000	22520000	30	30	gap
chr7	22520000	23240000	30	10	
chr7	23240000	23560000	10	23	boundary,domain
chr7	23560000	23720000	23	23	boundary,domain
chr7	23720000	24760000	23	30	domain
chr7	24760000	25120000	30	30	boundary,domain
chr7	25120000	25400000	30	21	boundary,domain
chr7	25400000	25880000	21	30	boundary,domain
chr7	25880000	26080000	30	9	boundary,domain
chr7	26080000	26680000	9	30	domain
chr7	26680000	27160000	30	30	boundary,domain
chr7	27160000	28120000	30	30	domain
chr7	28120000	28880000	30	16	domain
chr7	28880000	29640000	16	30	domain
chr7	29640000	29720000	30	30	gap
chr7	29720000	30600000	30	20	domain
chr7	30600000	30760000	20	23	
chr7	30760000	31000000	23	18	boundary,domain
chr7	31000000	31720000	18	17	
chr7	31720000	32680000	17	30	domain
chr7	32680000	32760000	30	30	gap
chr7	32760000	32960000	30	30	domain
chr7	32960000	33000000	30	30	gap
chr7	33000000	33960000	30	21	
chr7	33960000	35040000	21	30	domain
chr7	35040000	35240000	30	30	gap
chr7	35240000	35920000	30	30	domain
chr7	35920000	35960000	30	30	gap
chr7	35960000	37200000	30	21	domain
chr7	37200000	37880000	21	30	domain
chr7	37880000	38360000	30	30	domain
chr7	38360000	38760000	30	22	boundary,domain
chr7	38760000	39760000	22	30	domain
chr7	39760000	39800000	30	30	gap
chr7	39800000	41880000	30	30	domain
chr7	41880000	42920000	30	22	domain
chr7	42920000	43960000	22	30	domain
chr7	43960000	44040000	30	30	gap
chr7	44040000	44840000	30	11	domain
chr7	44840000	44960000	11	6	domain
chr7	44960000	45720000	6	30	
chr7	45720000	45840000	30	30	gap
chr7	45840000	47240000	30	30	domain
chr7	47240000	47920000	30	11	domain
chr7	47920000	48200000	11	12	boundary,domain
chr7	48200000	48840000	12	30	domain
chr7	48840000	48880000	30	30	gap
chr7	48880000	50080000	30	25	
chr7	50080000	50440000	25	13	domain
chr7	50440000	51160000	13	30	domain
chr7	51160000	51400000	30	30	boundary,domain
chr7	51400000	54760000	30	18	domain
chr7	54760000	55680000	18	30	domain
chr7	55680000	55760000	30	30	gap
chr7	55760000	56320000	30	30	domain
chr7	56320000	64360000	30	30	gap
chr7	64360000	65000000	30	30	domain
chr7	65000000	65800000	30	30	gap
chr7	65800000	67040000	30	30	domain
chr7	67040000	67320000	30	30	gap
chr7	67320000	70040000	30	6	domain
chr7	70040000	70160000	6	18	
chr7	70160000	70800000	18	30	domain
chr7	70800000	71760000	30	16	domain
chr7	71760000	72520000	16	30	domain
chr7	72520000	73320000	30	30	gap
chr7	73320000	74040000	30	14	
chr7	74040000	74720000	14	30	
chr7	74720000	75520000	30	30	gap
chr7	75520000	76440000	30	30	domain
chr7	76440000	77160000	30	30	gap
chr7	77160000	77920000	30	16	
chr7	77920000	79240000	16	30	domain
chr7	79240000	80040000	30	30	
chr7	80040000	80680000	30	21	domain
chr7	80680000	81480000	21	30	domain
chr7	81480000	82040000	30	15	domain
chr7	82040000	82760000	15	30	
chr7	82760000	83360000	30	26	domain
chr7	83360000	83880000	26	30	boundary,domain
chr7	83880000	85040000	30	21	domain
chr7	85040000	85880000	21	30	domain
chr7	85880000	86920000	30	30	domain
chr7	86920000	87240000	30	30	boundary,domain
chr7	87240000	87480000	30	30	boundary,domain
chr7	87480000	88200000	30	30	domain
chr7	88200000	88400000	30	25	boundary,domain
chr7	88400000	90120000	25	30	domain
chr7	90120000	90160000	30	30	gap
chr7	90160000	91040000	30	19	domain
chr7	91040000	91880000	19	25	domain
chr7	91880000	92560000	25	30	boundary,domain
chr7	92560000	93240000	30	28	boundary,domain
chr7	93240000	93600000	28	24	boundary,domain
chr7	93600000	94440000	24	26	
chr7	94440000	95520000	26	30	domain
chr7	95520000	95720000	30	30	boundary,domain
chr7	95720000	95880000	30	30	boundary,domain
chr7	95880000	97080000	30	17	domain
chr7	97080000	97880000	17	30	domain
chr7	97880000	97960000	30	30	gap
chr7	97960000	98880000	30	20	domain
chr7	98880000	99440000	20	16	
chr7	99440000	100280000	16	30	domain
chr7	100280000	100320000	30	30	gap
chr7	100320000	101080000	30	15	boundary,domain
chr7	101080000	101320000	15	21	boundary,domain
chr7	101320000	101520000	21	17	boundary,domain
chr7	101520000	102320000	17	30	domain
chr7	102320000	102800000	30	30	gap
chr7	102800000	103160000	30	30	domain
chr7	103160000	103280000	30	30	gap
chr7	103280000	104200000	30	20	domain
chr7	104200000	104920000	20	30	domain
chr7	104920000	105520000	30	29	boundary,domain
chr7	105520000	106160000	29	30	
chr7	106160000	106760000	30	30	
chr7	106760000	107160000	30	30	boundary,domain
chr7	107160000	107880000	30	30	
chr7	107880000	108160000	30	30	boundary,domain
chr7	108160000	108560000	30	30	boundary,domain
chr7	108560000	111760000	30	30	domain
chr7	111760000	112480000	30	29	
chr7	112480000	112920000	29	28	boundary,domain
chr7	112920000	113760000	28	30	domain
chr7	113760000	114000000	30	26	
chr7	114000000	115960000	26	2	domain
chr7	115960000	116120000	2	30	
chr7	116120000	116880000	30	30	
chr7	116880000	117160000	30	30	boundary,domain
chr7	117160000	118240000	30	30	
chr7	118240000	119240000	30	30	domain
chr7	119240000	120800000	30	30	domain
chr7	120800000	120960000	30	28	boundary,domain
chr7	120960000	121120000	28	30	boundary,domain
chr7	121120000	122040000	30	30	
chr7	122040000	123560000	30	30	
chr7	123560000	123920000	30	20	boundary,domain
chr7	123920000	124080000	20	14	boundary,domain
chr7	124080000	124880000	14	19	domain
chr7	124880000	125040000	19	26	
chr7	125040000	125920000	26	2	domain
chr7	125920000	126880000	2	30	domain
chr7	126880000	126920000	30	30	gap
chr7	126920000	128560000	30	30	domain
chr7	128560000	128640000	30	30	gap
chr7	128640000	129840000	30	22	
chr7	129840000	130040000	22	30	boundary,domain
chr7	130040000	130840000	30	30	domain
chr7	130840000	131520000	30	13	
chr7	131520000	131680000	13	30	boundary,domain
chr7	131680000	132600000	30	22	domain
chr7	132600000	134400000	22	30	domain
chr7	134400000	134600000	30	30	
chr7	134600000	135240000	30	30	domain
chr7	135240000	135640000	30	30	boundary,domain
chr7	135640000	137640000	30	30	domain
chr7	137640000	137880000	30	28	
chr7	137880000	138040000	28	26	boundary,domain
chr7	138040000	138880000	26	11	
chr7	138880000	139480000	11	30	boundary,domain
chr7	139480000	140040000	30	16	domain
chr7	140040000	140400000	16	7	domain
chr7	140400000	140480000	7	30	
chr7	140480000	140680000	30	30	boundary,domain
chr7	140680000	141040000	30	14	domain
chr7	141040000	141760000	14	30	domain
chr7	141760000	142320000	30	25	boundary,domain
chr7	142320000	142520000	25	21	boundary,domain
chr7	142520000	142840000	21	14	domain
chr7	142840000	143520000	14	30	domain
chr7	143520000	143880000	30	30	gap
chr7	143880000	144200000	30	30	domain
chr7	144200000	144360000	30	30	gap
chr7	144360000	145000000	30	12	domain
chr7	145000000	146160000	12	29	domain
chr7	146160000	148240000	29	30	domain
chr7	148240000	148520000	30	30	boundary,domain
chr7	148520000	149000000	30	19	domain
chr7	149000000	149880000	19	30	
chr7	149880000	150320000	30	30	gap
chr7	150320000	151120000	30	16	
chr7	151120000	151760000	16	22	boundary,domain
chr7	151760000	152040000	22	6	boundary,domain
chr7	152040000	152760000	6	30	
chr7	152760000	152840000	30	30	gap
chr7	152840000	153720000	30	30	domain
chr7	153720000	154160000	30	30	gap
chr7	154160000	154800000	30	13	
chr7	154800000	155560000	13	19	
chr7	155560000	155800000	19	30	boundary,domain
chr7	155800000	156880000	30	30	
chr7	156880000	157400000	30	20	boundary,domain
chr7	157400000	158320000	20	30	
chr7	158320000	158360000	30	30	gap
chr7	158360000	159345973	30	30	domain
chr8	160000	440000	30	30	gap
chr8	440000	2240000	30	30	domain
chr8	2240000	2480000	30	30	gap
chr8	2480000	3600000	30	25	domain
chr8	3600000	4800000	25	30	domain
chr8	4800000	5040000	30	30	boundary,domain
chr8	5040000	6160000	30	17	domain
chr8	6160000	6960000	17	30	
chr8	6960000	8240000	30	30	gap
chr8	8240000	9000000	30	16	
chr8	9000000	9160000	16	16	boundary,domain
chr8	9160000	9360000	16	19	boundary,domain
chr8	9360000	9880000	19	30	domain
chr8	9880000	10400000	30	19	domain
chr8	10400000	10520000	19	26	
chr8	10520000	10880000	26	25	boundary,domain
chr8	10880000	11080000	25	6	
chr8	11080000	11280000	6	15	boundary,domain
chr8	11280000	12000000	15	30	
chr8	12000000	12680000	30	30	gap
chr8	12680000	13680000	30	22	domain
chr8	13680000	14320000	22	28	domain
chr8	14320000	14920000	28	30	domain
chr8	14920000	16080000	30	10	boundary,domain
chr8	16080000	16760000	10	30	domain
chr8	16760000	17200000	30	30	boundary,domain
chr8	17200000	17920000	30	30	boundary,domain
chr8	17920000	18840000	30	30	
chr8	18840000	19360000	30	30	domain
chr8	19360000	19800000	30	30	domain
chr8	19800000	20200000	30	30	
chr8	20200000	20400000	30	30	
chr8	20400000	21920000	30	30	domain
chr8	21920000	22200000	30	30	boundary,domain
chr8	22200000	22400000	30	25	boundary,domain
chr8	22400000	22600000	25	30	boundary,domain
chr8	22600000	23040000	30	30	boundary,domain
chr8	23040000	23440000	30	30	boundary,domain
chr8	23440000	23760000	30	30	boundary,domain
chr8	23760000	24440000	30	25	
chr8	24440000	25120000	25	30	domain
chr8	25120000	25520000	30	30	boundary,domain
chr8	25520000	26120000	30	21	domain
chr8	26120000	26360000	21	29	boundary,domain
chr8	26360000	26560000	29	9	boundary,domain
chr8	26560000	26680000	9	30	boundary,domain
chr8	26680000	27280000	30	30	domain
chr8	27280000	27440000	30	20	
chr8	27440000	27600000	20	30	boundary,domain
chr8	27600000	27800000	30	30	
chr8	27800000	28040000	30	30	boundary,domain
chr8	28040000	28360000	30	30	boundary,domain
chr8	28360000	28440000	30	28	
chr8	28440000	28600000	28	27	boundary,domain
chr8	28600000	28760000	27	30	boundary,domain
chr8	28760000	29120000	30	28	boundary,domain
chr8	29120000	29320000	28	30	boundary,domain
chr8	29320000	30080000	30	16	domain
chr8	30080000	30160000	16	30	
chr8	30160000	30600000	30	30	boundary,domain
chr8	30600000	30840000	30	15	boundary,domain
chr8	30840000	31240000	15	30	boundary,domain
chr8	31240000	31480000	30	27	boundary,domain
chr8	31480000	32240000	27	18	
chr8	32240000	32560000	18	15	domain
chr8	32560000	33480000	15	30	domain
chr8	33480000	33640000	30	30	boundary,domain
chr8	33640000	35080000	30	30	
chr8	35080000	35280000	30	1	
chr8	35280000	36160000	1	16	domain
chr8	36160000	36800000	16	30	domain
chr8	36800000	37760000	30	30	
chr8	37760000	37920000	30	3	
chr8	37920000	38160000	3	30	boundary,domain
chr8	38160000	38400000	30	23	boundary,domain
chr8	38400000	38760000	23	30	boundary,domain
chr8	38760000	39000000	30	27	boundary,domain
chr8	39000000	39400000	27	30	domain
chr8	39400000	39520000	30	30	gap
chr8	39520000	39880000	30	30	domain
chr8	39880000	40240000	30	27	boundary,domain
chr8	40240000	41040000	27	29	domain
chr8	41040000	41520000	29	30	boundary,domain
chr8	41520000	41640000	30	29	boundary,domain
chr8	41640000	41880000	29	29	boundary,domain
chr8	41880000	42160000	29	30	boundary,domain
chr8	42160000	42400000	30	26	boundary,domain
chr8	42400000	42680000	26	19	boundary,domain
chr8	42680000	42840000	19	15	boundary,domain
chr8	42840000	43560000	15	30	domain
chr8	43560000	46480000	30	30	gap
chr8	46480000	47200000	30	15	domain
chr8	47200000	47800000	15	30	
chr8	47800000	48000000	30	30	
chr8	48000000	48960000	30	30	domain
chr8	48960000	49280000	30	25	boundary,domain
chr8	49280000	50440000	25	26	domain
chr8	50440000	51640000	26	30	domain
chr8	51640000	51840000	30	22	
chr8	51840000	52040000	22	25	boundary,domain
chr8	52040000	52520000	25	29	boundary,domain
chr8	52520000	52720000	29	26	boundary,domain
chr8	52720000	52960000	26	30	boundary,domain
chr8	52960000	53840000	30	24	
chr8	53840000	54160000	24	30	boundary,domain
chr8	54160000	54520000	30	29	boundary,domain
chr8	54520000	55480000	29	18	
chr8	55480000	56160000	18	21	
chr8	56160000	56440000	21	9	boundary,domain
chr8	56440000	56960000	9	30	domain
chr8	56960000	57160000	30	27	boundary,domain
chr8	57160000	57360000	27	30	boundary,domain
chr8	57360000	58440000	30	30	domain
chr8	58440000	58600000	30	18	boundary
chr8	58600000	58680000	18	30	boundary
chr8	58680000	60000000	30	29	domain
chr8	60000000	60400000	29	30	
chr8	60400000	60640000	30	13	boundary,domain
chr8	60640000	61120000	13	30	domain
chr8	61120000	61600000	30	30	boundary,domain
chr8	61600000	63120000	30	25	domain
chr8	63120000	63320000	25	30	boundary
chr8	63320000	64520000	30	30	
chr8	64520000	65600000	30	29	domain
chr8	65600000	65720000	29	24	boundary,domain
chr8	65720000	66440000	24	30	boundary,domain
chr8	66440000	66640000	30	27	boundary,domain
chr8	66640000	67800000	27	30	domain
chr8	67800000	68520000	30	30	domain
chr8	68520000	69640000	30	30	domain
chr8	69640000	70680000	30	30	
chr8	70680000	71840000	30	30	domain
chr8	71840000	72000000	30	24	
chr8	72000000	72200000	24	23	boundary,domain
chr8	72200000	72960000	23	29	
chr8	72960000	73280000	29	30	
chr8	73280000	73680000	30	30	boundary,domain
chr8	73680000	74080000	30	29	boundary,domain
chr8	74080000	74360000	29	26	domain
chr8	74360000	74960000	26	30	domain
chr8	74960000	75280000	30	30	boundary,domain
chr8	75280000	75640000	30	30	boundary,domain
chr8	75640000	78280000	30	20	domain
chr8	78280000	78360000	20	10	
chr8	78360000	78640000	10	23	
chr8	78640000	79680000	23	30	
chr8	79680000	80040000	30	30	boundary,domain
chr8	80040000	81000000	30	30	domain
chr8	81000000	81240000	30	30	boundary,domain
chr8	81240000	81680000	30	30	boundary,domain
chr8	81680000	83840000	30	15	
chr8	83840000	84600000	15	22	domain
chr8	84600000	85640000	22	30	domain
chr8	85640000	85840000	30	30	gap
chr8	85840000	86600000	30	15	
chr8	86600000	88320000	15	15	
chr8	88320000	89720000	15	30	domain
chr8	89720000	90000000	30	30	boundary,domain
chr8	90000000	90600000	30	18	domain
chr8	90600000	91440000	18	30	
chr8	91440000	92040000	30	18	domain
chr8	92040000	93480000	18	11	
chr8	93480000	93680000	11	30	boundary,domain
chr8	93680000	93960000	30	30	boundary,domain
chr8	93960000	94560000	30	30	boundary,domain
chr8	94560000	94720000	30	24	boundary,domain
chr8	94720000	94800000	24	17	boundary,domain
chr8	94800000	95280000	17	30	boundary,domain
chr8	95280000	96240000	30	30	domain
chr8	96240000	97600000	30	30	domain
chr8	97600000	98120000	30	30	boundary,domain
chr8	98120000	98520000	30	30	boundary,domain
chr8	98520000	99360000	30	14	domain
chr8	99360000	99880000	14	30	domain
chr8	99880000	100120000	30	30	boundary,domain
chr8	100120000	100560000	30	30	boundary,domain
chr8	100560000	100680000	30	26	
chr8	100680000	100840000	26	30	boundary,domain
chr8	100840000	101320000	30	30	boundary,domain
chr8	101320000	101640000	30	14	domain
chr8	101640000	102240000	14	30	domain
chr8	102240000	102840000	30	30	boundary,domain
chr8	102840000	103040000	30	30	
chr8	103040000	103560000	30	25	
chr8	103560000	103680000	25	15	
chr8	103680000	104480000	15	18	domain
chr8	104480000	104800000	18	27	boundary,domain
chr8	104800000	105800000	27	29	domain
chr8	105800000	106680000	29	25	
chr8	106680000	106880000	25	27	boundary,domain
chr8	106880000	107800000	27	30	domain
chr8	107800000	108720000	30	14	domain
chr8	108720000	108880000	14	30	boundary,domain
chr8	108880000	109320000	30	15	domain
chr8	109320000	109720000	15	21	domain
chr8	109720000	110040000	21	16	domain
chr8	110040000	110840000	16	30	
chr8	110840000	111400000	30	30	
chr8	111400000	111840000	30	30	domain
chr8	111840000	112720000	30	23	
chr8	112720000	113480000	23	27	domain
chr8	113480000	114200000	27	10	domain
chr8	114200000	114800000	10	30	
chr8	114800000	115080000	30	30	boundary,domain
chr8	115080000	116480000	30	17	domain
chr8	116480000	116760000	17	30	boundary,domain
chr8	116760000	117080000	30	30	boundary,domain
chr8	117080000	117320000	30	30	boundary,domain
chr8	117320000	118640000	30	25	
chr8	118640000	119440000	25	30	
chr8	119440000	119840000	30	30	boundary,domain
chr8	119840000	120440000	30	30	
chr8	120440000	120640000	30	23	boundary,domain
chr8	120640000	120960000	23	30	boundary,domain
chr8	120960000	122640000	30	30	domain
chr8	122640000	123160000	30	13	boundary,domain
chr8	123160000	123240000	13	27	boundary,domain
chr8	123240000	123800000	27	30	boundary,domain
chr8	123800000	124480000	30	30	
chr8	124480000	125080000	30	30	boundary,domain
chr8	125080000	125720000	30	30	domain
chr8	125720000	125840000	30	17	
chr8	125840000	126480000	17	15	domain
chr8	126480000	126800000	15	30	
chr8	126800000	127720000	30	17	domain
chr8	127720000	128880000	17	21	
chr8	128880000	129760000	21	30	
chr8	129760000	130080000	30	14	boundary,domain
chr8	130080000	130720000	14	30	domain
chr8	130720000	131920000	30	17	domain
chr8	131920000	132160000	17	30	
chr8	132160000	132680000	30	30	boundary,domain
chr8	132680000	133200000	30	27	
chr8	133200000	133480000	27	30	boundary,domain
chr8	133480000	134720000	30	30	
chr8	134720000	134880000	30	30	boundary
chr8	134880000	136080000	30	3	domain
chr8	136080000	137920000	3	28	domain
chr8	137920000	138720000	28	26	
chr8	138720000	139640000	26	18	domain
chr8	139640000	140440000	18	30	
chr8	140440000	140640000	30	30	boundary,domain
chr8	140640000	141200000	30	30	boundary,domain
chr8	141200000	141440000	30	30	
chr8	141440000	141640000	30	19	
chr8	141640000	142520000	19	30	domain
chr8	142520000	142760000	30	13	
chr8	142760000	143080000	13	30	
chr8	143080000	143280000	30	30	boundary,domain
chr8	143280000	143560000	30	30	boundary,domain
chr8	143560000	143800000	30	30	boundary,domain
chr8	143800000	143920000	30	29	boundary,domain
chr8	143920000	144120000	29	23	boundary,domain
chr8	144120000	144520000	23	29	
chr8	144520000	144800000	29	23	boundary,domain
chr8	144800000	145080000	23	30	domain
chr9	0	200000	30	30	gap
chr9	200000	840000	30	14	domain
chr9	840000	1040000	14	17	
chr9	1040000	1680000	17	30	domain
chr9	1680000	1920000	30	11	boundary,domain
chr9	1920000	2120000	11	30	
chr9	2120000	2840000	30	30	domain
chr9	2840000	4360000	30	30	domain
chr9	4360000	4720000	30	30	boundary,domain
chr9	4720000	5640000	30	18	
chr9	5640000	5760000	18	23	boundary,domain
chr9	5760000	6040000	23	25	boundary,domain
chr9	6040000	6760000	25	30	boundary,domain
chr9	6760000	7560000	30	30	boundary,domain
chr9	7560000	9360000	30	14	
chr9	9360000	9960000	14	30	domain
chr9	9960000	10320000	30	25	boundary,domain
chr9	10320000	11440000	25	12	boundary,domain
chr9	11440000	12680000	12	30	
chr9	12680000	13040000	30	29	
chr9	13040000	13400000	29	16	
chr9	13400000	14440000	16	29	
chr9	14440000	14680000	29	3	
chr9	14680000	14800000	3	30	
chr9	14800000	15160000	30	30	boundary,domain
chr9	15160000	15680000	30	30	boundary,domain
chr9	15680000	17040000	30	30	domain
chr9	17040000	17520000	30	30	boundary,domain
chr9	17520000	17800000	30	25	boundary,domain
chr9	17800000	18240000	25	20	domain
chr9	18240000	19040000	20	30	domain
chr9	19040000	19480000	30	30	boundary,domain
chr9	19480000	19880000	30	30	
chr9	19880000	20320000	30	15	domain
chr9	20320000	21160000	15	30	domain
chr9	21160000	21800000	30	30	boundary,domain
chr9	21800000	22280000	30	24	domain
chr9	22280000	22480000	24	19	boundary,domain
chr9	22480000	23360000	19	30	domain
chr9	23360000	23400000	30	30	gap
chr9	23400000	24080000	30	14	
chr9	24080000	25920000	14	15	
chr9	25920000	26680000	15	30	domain
chr9	26680000	26880000	30	30	
chr9	26880000	27320000	30	30	boundary,domain
chr9	27320000	27600000	30	29	boundary,domain
chr9	27600000	28720000	29	25	
chr9	28720000	29800000	25	30	
chr9	29800000	30800000	30	21	domain
chr9	30800000	31800000	21	13	domain
chr9	31800000	32360000	13	26	domain
chr9	32360000	33520000	26	30	
chr9	33520000	33600000	30	30	gap
chr9	33600000	34360000	30	17	domain
chr9	34360000	34640000	17	23	
chr9	34640000	35080000	23	30	boundary,domain
chr9	35080000	35640000	30	30	domain
chr9	35640000	35720000	30	13	
chr9	35720000	35920000	13	30	
chr9	35920000	36200000	30	30	boundary,domain
chr9	36200000	36400000	30	30	boundary,domain
chr9	36400000	36600000	30	30	boundary,domain
chr9	36600000	36760000	30	28	boundary,domain
chr9	36760000	37440000	28	25	
chr9	37440000	37880000	25	14	
chr9	37880000	38560000	14	30	domain
chr9	38560000	38600000	30	30	gap
chr9	38600000	38760000	30	30	domain
chr9	38760000	68400000	30	30	gap
chr9	68400000	69040000	30	13	domain
chr9	69040000	69240000	13	16	boundary,domain
chr9	69240000	69400000	16	15	boundary,domain
chr9	69400000	69960000	15	30	domain
chr9	69960000	70120000	30	11	boundary,domain
chr9	70120000	70320000	11	30	boundary,domain
chr9	70320000	70640000	30	30	boundary,domain
chr9	70640000	71280000	30	29	domain
chr9	71280000	72040000	29	30	boundary,domain
chr9	72040000	72200000	30	4	
chr9	72200000	72840000	4	30	
chr9	72840000	73080000	30	25	boundary,domain
chr9	73080000	73200000	25	30	boundary,domain
chr9	73200000	74760000	30	30	domain
chr9	74760000	75120000	30	30	
chr9	75120000	75920000	30	19	domain
chr9	75920000	76360000	19	30	boundary,domain
chr9	76360000	77200000	30	30	
chr9	77200000	77400000	30	30	
chr9	77400000	77760000	30	23	boundary,domain
chr9	77760000	78320000	23	30	boundary,domain
chr9	78320000	80160000	30	30	
chr9	80160000	81920000	30	30	
chr9	81920000	81960000	30	30	gap
chr9	81960000	83000000	30	18	domain
chr9	83000000	83200000	18	13	boundary,domain
chr9	83200000	83840000	13	30	domain
chr9	83840000	83880000	30	30	gap
chr9	83880000	85760000	30	30	domain
chr9	85760000	85800000	30	30	gap
chr9	85800000	87320000	30	30	domain
chr9	87320000	87680000	30	30	boundary,domain
chr9	87680000	87920000	30	30	boundary,domain
chr9	87920000	88600000	30	16	
chr9	88600000	89320000	16	30	domain
chr9	89320000	89560000	30	30	
chr9	89560000	90120000	30	24	domain
chr9	90120000	90880000	24	30	boundary,domain
chr9	90880000	91760000	30	30	domain
chr9	91760000	92120000	30	30	
chr9	92120000	92320000	30	26	boundary,domain
chr9	92320000	92680000	26	30	boundary,domain
chr9	92680000	92880000	30	29	
chr9	92880000	93600000	29	14	
chr9	93600000	93680000	14	3	
chr9	93680000	94320000	3	30	domain
chr9	94320000	94440000	30	30	gap
chr9	94440000	95160000	30	15	domain
chr9	95160000	96240000	15	13	domain
chr9	96240000	96880000	13	30	
chr9	96880000	97040000	30	30	gap
chr9	97040000	97920000	30	19	
chr9	97920000	98040000	19	22	boundary,domain
chr9	98040000	98280000	22	28	boundary,domain
chr9	98280000	98800000	28	30	domain
chr9	98800000	99160000	30	30	boundary,domain
chr9	99160000	100000000	30	14	domain
chr9	100000000	100360000	14	27	domain
chr9	100360000	100600000	27	30	boundary,domain
chr9	100600000	101400000	30	26	
chr9	101400000	104760000	26	30	
chr9	104760000	105560000	30	26	
chr9	105560000	105800000	26	30	boundary,domain
chr9	105800000	107200000	30	23	
chr9	107200000	107360000	23	30	
chr9	107360000	108840000	30	28	
chr9	108840000	109520000	28	30	boundary,domain
chr9	109520000	110160000	30	30	boundary,domain
chr9	110160000	110240000	30	29	
chr9	110240000	110640000	29	29	boundary,domain
chr9	110640000	111360000	29	30	domain
chr9	111360000	111720000	30	30	
chr9	111720000	112080000	30	22	boundary,domain
chr9	112080000	113080000	22	30	domain
chr9	113080000	113120000	30	30	gap
chr9	113120000	114080000	30	18	domain
chr9	114080000	114360000	18	28	
chr9	114360000	114680000	28	30	
chr9	114680000	115040000	30	30	boundary,domain
chr9	115040000	115560000	30	30	boundary,domain
chr9	115560000	116680000	30	30	
chr9	116680000	117600000	30	28	boundary,domain
chr9	117600000	119360000	28	28	domain
chr9	119360000	120560000	28	30	
chr9	120560000	121200000	30	30	boundary,domain
chr9	121200000	121520000	30	30	boundary,domain
chr9	121520000	122080000	30	30	boundary,domain
chr9	122080000	122360000	30	23	boundary,domain
chr9	122360000	122840000	23	30	
chr9	122840000	123040000	30	28	
chr9	123040000	123400000	28	30	boundary,domain
chr9	123400000	124120000	30	16	domain
chr9	124120000	124360000	16	30	
chr9	124360000	124760000	30	30	boundary,domain
chr9	124760000	124840000	30	15	
chr9	124840000	125200000	15	30	boundary,domain
chr9	125200000	125400000	30	30	boundary,domain
chr9	125400000	126480000	30	14	
chr9	126480000	126600000	14	23	
chr9	126600000	126800000	23	29	boundary
chr9	126800000	127200000	29	26	boundary,domain
chr9	127200000	127440000	26	30	boundary,domain
chr9	127440000	127800000	30	22	boundary,domain
chr9	127800000	127920000	22	30	
chr9	127920000	128160000	30	30	boundary,domain
chr9	128160000	128680000	30	30	boundary,domain
chr9	128680000	129120000	30	30	
chr9	129120000	129640000	30	30	
chr9	129640000	129840000	30	30	boundary,domain
chr9	129840000	130440000	30	30	
chr9	130440000	130680000	30	30	boundary,domain
chr9	130680000	131040000	30	30	boundary,domain
chr9	131040000	131360000	30	30	boundary,domain
chr9	131360000	131520000	30	30	boundary,domain
chr9	131520000	131760000	30	30	boundary,domain
chr9	131760000	132280000	30	21	domain
chr9	132280000	132640000	21	21	boundary,domain
chr9	132640000	133000000	21	30	boundary,domain
chr9	133000000	133160000	30	30	boundary,domain
chr9	133160000	133360000	30	30	boundary,domain
chr9	133360000	133520000	30	30	boundary,domain
chr9	133520000	133760000	30	30	boundary,domain
chr9	133760000	134040000	30	30	boundary,domain
chr9	134040000	134160000	30	30	
chr9	134160000	134440000	30	30	boundary,domain
chr9	134440000	134680000	30	30	boundary,domain
chr9	134680000	134760000	30	21	boundary,domain
chr9	134760000	135480000	21	30	domain
chr9	135480000	135800000	30	8	boundary,domain
chr9	135800000	136320000	8	30	boundary,domain
chr9	136320000	136720000	30	30	boundary,domain
chr9	136720000	137080000	30	23	
chr9	137080000	137280000	23	18	
chr9	137280000	138120000	18	30	
chr9	138120000	138240000	30	30	gap
chrX	0	240000	30	30	gap
chrX	240000	1360000	30	29	
chrX	1360000	1600000	29	18	
chrX	1600000	1960000	18	30	domain
chrX	1960000	2120000	30	30	gap
chrX	2120000	2640000	30	28	domain
chrX	2640000	2840000	28	30	
chrX	2840000	3840000	30	30	
chrX	3840000	3920000	30	30	gap
chrX	3920000	5160000	30	14	domain
chrX	5160000	5920000	14	20	domain
chrX	5920000	7000000	20	30	domain
chrX	7000000	7040000	30	30	gap
chrX	7040000	7960000	30	20	domain
chrX	7960000	8760000	20	30	
chrX	8760000	9720000	30	13	domain
chrX	9720000	10000000	13	21	boundary,domain
chrX	10000000	10160000	21	30	
chrX	10160000	11120000	30	30	domain
chrX	11120000	11520000	30	29	domain
chrX	11520000	11800000	29	30	boundary,domain
chrX	11800000	11920000	30	9	boundary,domain
chrX	11920000	12760000	9	29	domain
chrX	12760000	12920000	29	30	
chrX	12920000	13520000	30	30	domain
chrX	13520000	13640000	30	28	
chrX	13640000	14040000	28	30	boundary,domain
chrX	14040000	15280000	30	30	domain
chrX	15280000	15440000	30	22	
chrX	15440000	15680000	22	23	boundary,domain
chrX	15680000	16720000	23	30	
chrX	16720000	17120000	30	30	boundary,domain
chrX	17120000	17720000	30	30	
chrX	17720000	18360000	30	30	boundary,domain
chrX	18360000	18920000	30	13	domain
chrX	18920000	19040000	13	3	
chrX	19040000	19360000	3	30	boundary,domain
chrX	19360000	20160000	30	30	boundary,domain
chrX	20160000	20480000	30	30	
chrX	20480000	21800000	30	30	domain
chrX	21800000	22000000	30	30	
chrX	22000000	22800000	30	14	domain
chrX	22800000	23640000	14	30	
chrX	23640000	23920000	30	24	boundary,domain
chrX	23920000	24040000	24	30	boundary,domain
chrX	24040000	24360000	30	7	boundary,domain
chrX	24360000	24520000	7	20	boundary,domain
chrX	24520000	24720000	20	25	boundary,domain
chrX	24720000	25200000	25	28	
chrX	25200000	25480000	28	30	boundary,domain
chrX	25480000	26640000	30	30	
chrX	26640000	27480000	30	30	domain
chrX	27480000	29080000	30	17	domain
chrX	29080000	30120000	17	7	domain
chrX	30120000	30240000	7	26	boundary,domain
chrX	30240000	30560000	26	30	boundary,domain
chrX	30560000	30720000	30	30	boundary,domain
chrX	30720000	31680000	30	24	
chrX	31680000	32480000	24	30	domain
chrX	32480000	33360000	30	25	domain
chrX	33360000	34320000	25	30	domain
chrX	34320000	35880000	30	22	boundary,domain
chrX	35880000	37080000	22	30	domain
chrX	37080000	37280000	30	30	gap
chrX	37280000	37880000	30	15	domain
chrX	37880000	38200000	15	24	
chrX	38200000	38360000	24	26	boundary,domain
chrX	38360000	38640000	26	29	boundary,domain
chrX	38640000	39640000	29	20	boundary,domain
chrX	39640000	40560000	20	30	
chrX	40560000	41320000	30	30	boundary,domain
chrX	41320000	41760000	30	30	boundary,domain
chrX	41760000	42680000	30	12	domain
chrX	42680000	43360000	12	10	domain
chrX	43360000	43560000	10	30	boundary,domain
chrX	43560000	43800000	30	30	boundary,domain
chrX	43800000	43920000	30	30	
chrX	43920000	45120000	30	15	domain
chrX	45120000	45320000	15	30	boundary,domain
chrX	45320000	45480000	30	6	
chrX	45480000	46440000	6	30	domain
chrX	46440000	47160000	30	26	boundary,domain
chrX	47160000	47400000	26	5	
chrX	47400000	47560000	5	17	
chrX	47560000	47640000	17	7	
chrX	47640000	48360000	7	30	domain
chrX	48360000	48440000	30	30	gap
chrX	48440000	49320000	30	30	domain
chrX	49320000	49600000	30	30	gap
chrX	49600000	50240000	30	30	domain
chrX	50240000	50280000	30	30	gap
chrX	50280000	50680000	30	21	domain
chrX	50680000	51000000	21	12	boundary,domain
chrX	51000000	51680000	12	30	domain
chrX	51680000	51720000	30	30	gap
chrX	51720000	52040000	30	30	domain
chrX	52040000	52240000	30	30	gap
chrX	52240000	52440000	30	30	domain
chrX	52440000	52920000	30	30	gap
chrX	52920000	53520000	30	15	boundary,domain
chrX	53520000	53640000	15	18	
chrX	53640000	54000000	18	25	boundary,domain
chrX	54000000	54560000	25	18	domain
chrX	54560000	55440000	18	30	domain
chrX	55440000	55520000	30	30	gap
chrX	55520000	56280000	30	16	domain
chrX	56280000	56760000	16	28	domain
chrX	56760000	58080000	28	30	
chrX	58080000	62960000	30	30	gap
chrX	62960000	63120000	30	30	domain
chrX	63120000	63240000	30	30	gap
chrX	63240000	63920000	30	12	
chrX	63920000	64880000	12	14	boundary,domain
chrX	64880000	65520000	14	30	domain
chrX	65520000	66720000	30	22	
chrX	66720000	68160000	22	30	
chrX	68160000	68720000	30	26	boundary,domain
chrX	68720000	69440000	26	29	
chrX	69440000	70160000	29	30	domain
chrX	70160000	70280000	30	28	
chrX	70280000	70720000	28	20	boundary,domain
chrX	70720000	70960000	20	15	boundary,domain
chrX	70960000	71680000	15	30	
chrX	71680000	71800000	30	30	gap
chrX	71800000	72760000	30	30	domain
chrX	72760000	73120000	30	30	gap
chrX	73120000	74360000	30	23	
chrX	74360000	74560000	23	22	boundary,domain
chrX	74560000	75560000	22	30	domain
chrX	75560000	75600000	30	30	gap
chrX	75600000	76480000	30	14	domain
chrX	76480000	78120000	14	30	domain
chrX	78120000	79440000	30	30	boundary,domain
chrX	79440000	80240000	30	30	domain
chrX	80240000	80680000	30	21	
chrX	80680000	80840000	21	30	boundary,domain
chrX	80840000	81440000	30	30	domain
chrX	81440000	81920000	30	30	
chrX	81920000	82160000	30	14	
chrX	82160000	83760000	14	11	
chrX	83760000	83880000	11	30	boundary,domain
chrX	83880000	85080000	30	30	
chrX	85080000	85560000	30	30	boundary,domain
chrX	85560000	86240000	30	14	domain
chrX	86240000	87320000	14	30	domain
chrX	87320000	87680000	30	29	boundary,domain
chrX	87680000	87920000	29	8	boundary,domain
chrX	87920000	89200000	8	30	domain
chrX	89200000	91240000	30	30	gap
chrX	91240000	91480000	30	30	domain
chrX	91480000	93120000	30	30	gap
chrX	93120000	93840000	30	15	domain
chrX	93840000	94800000	15	30	
chrX	94800000	95080000	30	30	boundary,domain
chrX	95080000	95320000	30	30	
chrX	95320000	96200000	30	30	domain
chrX	96200000	99160000	30	4	boundary,domain
chrX	99160000	99280000	4	23	boundary,domain
chrX	99280000	100440000	23	30	domain
chrX	100440000	100640000	30	26	boundary,domain
chrX	100640000	100800000	26	30	boundary,domain
chrX	100800000	101400000	30	20	
chrX	101400000	102200000	20	30	
chrX	102200000	102480000	30	30	gap
chrX	102480000	103200000	30	16	
chrX	103200000	103960000	16	30	domain
chrX	103960000	104080000	30	30	gap
chrX	104080000	105200000	30	16	
chrX	105200000	105840000	16	27	domain
chrX	105840000	106840000	27	30	boundary,domain
chrX	106840000	108120000	30	30	domain
chrX	108120000	108760000	30	18	
chrX	108760000	109440000	18	30	domain
chrX	109440000	109640000	30	21	
chrX	109640000	110160000	21	17	domain
chrX	110160000	110440000	17	30	boundary,domain
chrX	110440000	110880000	30	17	domain
chrX	110880000	111680000	17	30	boundary,domain
chrX	111680000	112680000	30	30	domain
chrX	112680000	114280000	30	30	domain
chrX	114280000	114320000	30	30	gap
chrX	114320000	115720000	30	30	domain
chrX	115720000	115880000	30	30	gap
chrX	115880000	116560000	30	30	
chrX	116560000	116600000	30	30	gap
chrX	116600000	118280000	30	29	
chrX	118280000	118600000	29	24	boundary,domain
chrX	118600000	119120000	24	17	
chrX	119120000	119280000	17	16	
chrX	119280000	119480000	16	12	
chrX	119480000	120040000	12	30	domain
chrX	120040000	120200000	30	30	gap
chrX	120200000	120880000	30	30	domain
chrX	120880000	121000000	30	30	gap
chrX	121000000	123600000	30	15	
chrX	123600000	123800000	15	27	boundary,domain
chrX	123800000	123960000	27	21	boundary,domain
chrX	123960000	124080000	21	30	
chrX	124080000	124360000	30	30	boundary
chrX	124360000	125160000	30	18	domain
chrX	125160000	129560000	18	30	domain
chrX	129560000	130080000	30	30	boundary,domain
chrX	130080000	130200000	30	27	boundary,domain
chrX	130200000	130280000	27	23	
chrX	130280000	130960000	23	23	domain
chrX	130960000	131680000	23	30	domain
chrX	131680000	132640000	30	26	domain
chrX	132640000	133760000	26	26	
chrX	133760000	134440000	26	16	
chrX	134440000	135120000	16	30	domain
chrX	135120000	135280000	30	30	gap
chrX	135280000	135720000	30	30	domain
chrX	135720000	135880000	30	30	gap
chrX	135880000	136720000	30	18	
chrX	136720000	136920000	18	26	boundary,domain
chrX	136920000	137080000	26	14	
chrX	137080000	138080000	14	30	domain
chrX	138080000	138760000	30	30	boundary,domain
chrX	138760000	140000000	30	23	domain
chrX	140000000	141000000	23	30	domain
chrX	141000000	141120000	30	30	gap
chrX	141120000	141480000	30	30	domain
chrX	141480000	141720000	30	30	gap
chrX	141720000	143440000	30	9	domain
chrX	143440000	144080000	9	30	
chrX	144080000	144200000	30	30	gap
chrX	144200000	144440000	30	30	domain
chrX	144440000	144480000	30	30	gap
chrX	144480000	145240000	30	17	domain
chrX	145240000	145320000	17	15	
chrX	145320000	146800000	15	30	domain
chrX	146800000	146840000	30	30	gap
chrX	146840000	147840000	30	22	domain
chrX	147840000	149520000	22	30	
chrX	149520000	149800000	30	30	gap
chrX	149800000	150760000	30	21	domain
chrX	150760000	151120000	21	30	boundary,domain
chrX	151120000	151720000	30	21	boundary,domain
chrX	151720000	152680000	21	30	domain
chrX	152680000	152800000	30	30	gap
chrX	152800000	153080000	30	30	domain
chrX	153080000	153320000	30	30	gap
chrX	153320000	154160000	30	30	domain
chrX	154160000	154280000	30	30	gap
chrX	154280000	154560000	30	30	domain
chrX	154560000	154640000	30	30	gap
chrX	154640000	155320000	30	30	
chrX	155320000	155600000	30	30	gap
chrX	155600000	156040000	30	30	domain
