##FastQC	0.11.8
>>Basic Statistics	pass
#Measure	Value
Filename	LNCaP-50K-NEB-Rep1_S1_L001_R2.fastq.gz
File type	Conventional base calls
Encoding	Sanger / Illumina 1.9
Total Sequences	432199
Sequences flagged as poor quality	0
Sequence length	150
%GC	44
>>END_MODULE
>>Per base sequence quality	pass
#Base	Mean	Median	Lower Quartile	Upper Quartile	10th Percentile	90th Percentile
1	32.1941998940303	34.0	32.0	34.0	29.0	35.0
2	31.41739337666214	34.0	32.0	34.0	16.0	35.0
3	31.019546551472818	34.0	32.0	34.0	16.0	35.0
4	30.95863248179658	34.0	32.0	34.0	16.0	35.0
5	31.19971355787496	34.0	32.0	35.0	16.0	35.0
6	34.03147624126849	37.0	34.0	37.0	29.0	37.0
7	32.74395128170125	37.0	34.0	37.0	16.0	37.0
8	33.66013572451579	37.0	34.0	37.0	18.0	37.0
9	32.766024447071835	37.0	34.0	37.0	16.0	37.0
10-14	33.53928861473534	37.4	35.6	37.4	16.4	37.4
15-19	34.23612733948945	38.0	38.0	38.0	15.6	38.0
20-24	34.95995594621922	38.4	38.0	38.4	21.4	38.4
25-29	34.90092017797357	39.0	38.0	39.0	17.8	39.0
30-34	34.55975835205542	39.0	38.0	39.0	14.6	39.0
35-39	34.75578379403932	39.0	38.0	39.0	15.8	39.0
40-44	35.26783079090882	39.0	38.0	39.0	20.8	39.0
45-49	34.424525276550845	39.0	38.0	39.0	14.8	39.0
50-54	34.22265067711864	39.0	38.0	39.0	14.0	39.0
55-59	34.80038778433083	39.0	38.0	39.0	17.6	39.0
60-64	36.32454077866909	39.0	38.0	39.0	30.6	39.0
65-69	35.75827523895243	39.0	38.0	39.0	27.0	39.0
70-74	34.39444839067189	39.0	38.0	39.0	14.2	39.0
75-79	34.343273815996795	39.0	38.0	39.0	14.0	39.0
80-84	34.320628229125944	39.0	38.0	39.0	14.0	39.0
85-89	34.295644830274945	39.0	38.0	39.0	14.0	39.0
90-94	34.279569365037865	39.0	37.8	39.0	14.0	39.0
95-99	34.28109921587047	39.0	37.6	39.0	14.0	39.0
100-104	34.24748599603423	39.0	37.2	39.0	14.0	39.0
105-109	34.20470662819674	39.0	37.0	39.0	14.0	39.0
110-114	34.17643169003168	39.0	37.0	39.0	14.0	39.0
115-119	34.150040143544985	39.0	37.0	39.0	14.0	39.0
120-124	34.112147876325494	39.0	37.0	39.0	14.0	39.0
125-129	34.08150041994544	39.0	37.0	39.0	14.0	39.0
130-134	34.05282288945601	39.0	37.0	39.0	14.0	39.0
135-139	34.02598987966191	39.0	37.0	39.0	14.0	39.0
140-144	33.98226511398684	39.0	37.0	39.0	14.0	39.0
145-149	33.92579992086978	39.0	37.0	39.0	14.0	39.0
150	33.122904032633116	38.0	33.0	39.0	14.0	39.0
>>END_MODULE
>>Per tile sequence quality	pass
#Tile	Base	Mean
1101	1	-0.035692008945730436
1101	2	-0.112113815193986
1101	3	-0.010716207421324953
1101	4	0.021471644385645305
1101	5	-0.024942408551062556
1101	6	0.019117403895187124
1101	7	0.0117720504734109
1101	8	-0.015488656177709004
1101	9	0.01240746992002073
1101	10-14	0.005965190043319524
1101	15-19	-0.0051344188651967215
1101	20-24	-0.010349090509549796
1101	25-29	-0.010957798147231301
1101	30-34	0.0030490578208954844
1101	35-39	0.01690532579496562
1101	40-44	0.0019090180489698128
1101	45-49	0.005223602634536917
1101	50-54	-0.006588303546969598
1101	55-59	-0.02467346014964278
1101	60-64	-0.015131781048360438
1101	65-69	-0.024749796613058095
1101	70-74	0.0024922156692923636
1101	75-79	-0.016074097627679862
1101	80-84	-0.0020173865831338844
1101	85-89	-0.012812725082959275
1101	90-94	0.005322409944646722
1101	95-99	-0.011268913328464691
1101	100-104	0.0019502215967008851
1101	105-109	0.01865035304726348
1101	110-114	0.008296586643439241
1101	115-119	0.012957689369251568
1101	120-124	0.01282090398975555
1101	125-129	0.014727320798158416
1101	130-134	0.016909059871828447
1101	135-139	0.0070562559527189705
1101	140-144	-0.00363846312720284
1101	145-149	0.002713009533650279
1101	150	-0.030754977705200304
1102	1	0.03569200894573754
1102	2	0.112113815193986
1102	3	0.010716207421324953
1102	4	-0.021471644385648858
1102	5	0.024942408551062556
1102	6	-0.019117403895187124
1102	7	-0.011772050473418005
1102	8	0.015488656177709004
1102	9	-0.012407469920013625
1102	10-14	-0.005965190043312418
1102	15-19	0.005134418865189616
1102	20-24	0.010349090509549796
1102	25-29	0.010957798147238407
1102	30-34	-0.00304905782090259
1102	35-39	-0.01690532579496562
1102	40-44	-0.0019090180489627073
1102	45-49	-0.0052236026345298114
1102	50-54	0.006588303546962493
1102	55-59	0.024673460149635673
1102	60-64	0.015131781048367543
1102	65-69	0.02474979661305099
1102	70-74	-0.002492215669299469
1102	75-79	0.016074097627672757
1102	80-84	0.00201738658314099
1102	85-89	0.012812725082959275
1102	90-94	-0.005322409944639617
1102	95-99	0.011268913328457586
1102	100-104	-0.0019502215967079906
1102	105-109	-0.018650353047256374
1102	110-114	-0.008296586643432136
1102	115-119	-0.012957689369251568
1102	120-124	-0.01282090398975555
1102	125-129	-0.014727320798151311
1102	130-134	-0.016909059871828447
1102	135-139	-0.0070562559527189705
1102	140-144	0.0036384631271957346
1102	145-149	-0.0027130095336573845
1102	150	0.03075497770520741
>>END_MODULE
>>Per sequence quality scores	pass
#Quality	Count
13	21.0
14	257.0
15	1502.0
16	5234.0
17	23050.0
18	24171.0
19	11851.0
20	6522.0
21	3956.0
22	2688.0
23	1971.0
24	1618.0
25	1413.0
26	1340.0
27	1317.0
28	1224.0
29	1355.0
30	1471.0
31	1575.0
32	1940.0
33	2269.0
34	3032.0
35	4194.0
36	7418.0
37	22707.0
38	298103.0
>>END_MODULE
>>Per base sequence content	warn
#Base	G	A	T	C
1	28.31126402421107	19.16177501567565	21.373719050715064	31.153241909398215
2	21.07593955562137	38.77288008533106	22.496581435866347	17.65459892318122
3	16.134928586137402	32.22705281594821	27.145365907834123	24.492652690080263
4	17.740439010733482	25.45632914467641	23.02804957901337	33.77518226557674
5	26.331157638032483	24.43989921309397	27.134954037376303	22.09398911149725
6	30.718951223857527	23.107179794492815	24.245312922982237	21.92855605866742
7	30.399653863151006	26.479006198533543	22.22610417886205	20.8952357594534
8	17.881114949363603	35.97625168036021	26.299459276860894	19.843174093415303
9	27.051196323915605	27.643284690617055	26.846198163346052	18.459320822121292
10-14	26.936110449121813	27.13819328596318	26.02981496949322	19.895881295421784
15-19	26.40089403260998	24.746563504311673	27.53153061436977	21.321011848708583
20-24	28.50677581391905	26.111953058660482	26.079653122751324	19.301618004669148
25-29	23.41935080830821	31.868467997380833	25.30834175923591	19.403839435075046
30-34	26.99464829858468	26.706308899372743	26.62861320826749	19.67042959377509
35-39	19.55511234408224	27.70075821554423	29.890860460112123	22.853268980261408
40-44	30.295859083431477	24.676132985036986	25.12014141633831	19.90786651519323
45-49	25.252626683541607	24.505563409447962	25.602095331085913	24.639714575924515
50-54	23.61861087138101	26.635600730219185	27.83551095675835	21.910277441641465
55-59	19.4667734076201	29.624224026432266	30.817840855716927	20.091161710230704
60-64	19.336833264306488	36.42817313320947	24.774513592118446	19.460480010365597
65-69	19.47005893118679	36.24529441299031	24.67423571086467	19.610410944958225
70-74	20.630959349743982	32.779529799930124	25.95202672842834	20.63748412189755
75-79	21.697736459362467	29.853747926302464	26.942959146134072	21.50555646820099
80-84	23.0167122089593	28.20524804546054	27.22477377319244	21.55326597238772
85-89	22.745124352439504	27.941712035428125	27.3940013743669	21.919162237765473
90-94	22.548779613094894	28.017788102239937	27.47396453948297	21.959467745182195
95-99	22.030499839194444	28.6482847021858	27.764201212867224	21.557014245752534
100-104	21.64632495679074	29.785862530917473	27.178591343339527	21.389221168952265
105-109	21.775719877056577	29.660332235998805	27.20933052104726	21.35461736589736
110-114	22.13244361972147	29.032690959488566	27.276370375683424	21.558495045106536
115-119	22.381958310870687	28.752079481905323	27.230604420648824	21.635357786575167
120-124	22.409306823939897	28.630839034796473	27.27285347721767	21.68700066404596
125-129	22.440727535232615	28.56753486241292	27.23259424478076	21.75914335757371
130-134	22.521847574843996	28.521583807459066	27.328846202790846	21.6277224149061
135-139	22.667752586192936	28.419454927012787	27.313760559371957	21.59903192742232
140-144	22.81361132256206	28.345183584413665	27.3124648599372	21.528740233087074
145-149	23.118517164546887	28.45522548640788	27.143422358681995	21.282834990363238
150	23.45886964106812	28.669200993061068	26.639117628684932	21.23281173718588
>>END_MODULE
>>Per sequence GC content	warn
#GC Content	Count
0	39.0
1	55.5
2	91.0
3	123.5
4	151.0
5	176.0
6	201.5
7	212.5
8	246.5
9	284.5
10	284.0
11	275.5
12	284.5
13	298.0
14	299.5
15	315.0
16	332.5
17	344.0
18	387.5
19	457.5
20	550.0
21	682.0
22	823.5
23	1011.0
24	1305.0
25	1633.0
26	2067.5
27	2660.0
28	3316.0
29	4067.5
30	4957.5
31	5927.5
32	6921.5
33	8115.5
34	9305.0
35	10387.5
36	11668.0
37	12892.0
38	13889.5
39	14718.0
40	15236.5
41	15597.0
42	15963.5
43	16240.5
44	16622.0
45	17019.5
46	17448.0
47	17851.0
48	17842.5
49	17560.0
50	17039.5
51	16160.5
52	14922.0
53	13449.0
54	11836.0
55	10469.0
56	9325.5
57	8194.5
58	7061.0
59	6006.0
60	5040.0
61	4082.5
62	3325.0
63	2679.5
64	2196.5
65	1826.5
66	1465.5
67	1165.5
68	933.5
69	772.5
70	642.5
71	560.5
72	481.0
73	396.0
74	332.5
75	290.5
76	288.0
77	257.0
78	209.0
79	189.5
80	182.0
81	171.0
82	153.5
83	134.5
84	115.0
85	96.5
86	84.0
87	78.5
88	67.0
89	61.0
90	64.5
91	52.5
92	44.5
93	41.5
94	31.0
95	29.0
96	23.0
97	16.5
98	13.5
99	11.0
100	10.5
>>END_MODULE
>>Per base N content	pass
#Base	N-Count
1	0.0
2	0.0
3	0.0
4	0.0
5	0.0
6	0.0
7	0.0
8	0.0
9	0.0
10-14	0.0
15-19	0.0
20-24	0.0
25-29	0.0
30-34	0.0
35-39	0.0
40-44	0.0
45-49	0.0
50-54	0.0
55-59	0.0
60-64	0.0
65-69	0.0
70-74	0.0
75-79	0.0
80-84	0.0
85-89	0.0
90-94	0.0
95-99	0.0
100-104	0.0
105-109	4.627497981254006E-5
110-114	0.0
115-119	0.0
120-124	0.0
125-129	0.0
130-134	0.0
135-139	0.0
140-144	0.0
145-149	0.0
150	0.0
>>END_MODULE
>>Sequence Length Distribution	pass
#Length	Count
150	432199.0
>>END_MODULE
>>Sequence Duplication Levels	pass
#Total Deduplicated Percentage	94.5340972186773
#Duplication Level	Percentage of deduplicated	Percentage of total
1	97.40150825545855	92.0776365066732
2	1.98347125573288	3.7501132903980805
3	0.24882533778334331	0.7056743601744238
4	0.1137366030275701	0.43007948351721675
5	0.06392582751784225	0.3021585196678048
6	0.039592258044407504	0.22456910226461863
7	0.027355723871199163	0.18102340619490634
8	0.019077414330114686	0.14427729127712394
9	0.01502749184783164	0.12785493377662172
>10	0.0784021134024256	1.2719820582378771
>50	0.006378937664310536	0.4207273782861552
>100	0.002698781319515996	0.3639036695319611
>500	0.0	0.0
>1k	0.0	0.0
>5k	0.0	0.0
>10k+	0.0	0.0
>>END_MODULE
>>Overrepresented sequences	pass
>>END_MODULE
>>Adapter Content	pass
#Position	Illumina Universal Adapter	Illumina Small RNA 3' Adapter	Illumina Small RNA 5' Adapter	Nextera Transposase Sequence	SOLID Small RNA Adapter
1	0.0023137489906270028	0.0	0.0	0.0	0.0
2	0.0023137489906270028	0.0	0.0	0.0	0.0
3	0.0023137489906270028	0.0	0.0	2.3137489906270028E-4	0.0
4	0.0023137489906270028	0.0	0.0	2.3137489906270028E-4	0.0
5	0.0023137489906270028	0.0	0.0	2.3137489906270028E-4	0.0
6	0.0023137489906270028	0.0	0.0	2.3137489906270028E-4	0.0
7	0.0023137489906270028	0.0	0.0	2.3137489906270028E-4	0.0
8	0.0023137489906270028	0.0	0.0	2.3137489906270028E-4	0.0
9	0.0023137489906270028	0.0	0.0	2.3137489906270028E-4	0.0
10-11	0.0023137489906270028	0.0	0.0	2.3137489906270028E-4	0.0
12-13	0.0023137489906270028	0.0	0.0	2.3137489906270028E-4	0.0
14-15	0.0023137489906270028	0.0	0.0	2.3137489906270028E-4	0.0
16-17	0.0023137489906270028	0.0	0.0	2.3137489906270028E-4	0.0
18-19	0.0023137489906270028	0.0	0.0	2.3137489906270028E-4	0.0
20-21	0.0023137489906270028	0.0	0.0	2.3137489906270028E-4	0.0
22-23	0.0023137489906270028	0.0	0.0	2.3137489906270028E-4	0.0
24-25	0.0023137489906270028	0.0	0.0	4.6274979812540055E-4	0.0
26-27	0.0023137489906270028	0.0	0.0	4.6274979812540055E-4	0.0
28-29	0.0023137489906270028	0.0	0.0	4.6274979812540055E-4	0.0
30-31	0.0023137489906270028	0.0	0.0	4.6274979812540055E-4	0.0
32-33	0.002660811339221053	0.0	0.0	4.6274979812540055E-4	0.0
34-35	0.003007873687815104	0.0	0.0	6.941246971881008E-4	0.0
36-37	0.0034706234859405044	0.0	0.0	6.941246971881008E-4	0.0
38-39	0.0037019983850032044	0.0	0.0	6.941246971881008E-4	0.0
40-41	0.003933373284065905	0.0	0.0	6.941246971881008E-4	0.0
42-43	0.004164748183128605	0.0	0.0	6.941246971881008E-4	0.0
44-45	0.004396123082191305	0.0	0.0	6.941246971881008E-4	0.0
46-47	0.0046274979812540055	0.0	0.0	6.941246971881008E-4	0.0
48-49	0.004743185430785356	0.0	0.0	6.941246971881008E-4	0.0
50-51	0.004974560329848056	0.0	0.0	6.941246971881008E-4	0.0
52-53	0.005321622678442106	0.0	0.0	6.941246971881008E-4	0.0
54-55	0.005784372476567507	0.0	0.0	6.941246971881008E-4	0.0
56-57	0.006594184623286958	0.0	0.0	6.941246971881008E-4	0.0
58-59	0.007056934421412359	0.0	0.0	6.941246971881008E-4	0.0
60-61	0.00832949636625721	0.0	0.0	6.941246971881008E-4	0.0
62-63	0.009486370861570712	0.0	0.0	6.941246971881008E-4	0.0
64-65	0.011337370054072315	0.0	0.0	6.941246971881008E-4	0.0
66-67	0.013188369246573916	0.0	0.0	6.941246971881008E-4	0.0
68-69	0.015270743338138219	0.0	0.0	6.941246971881008E-4	0.0
70-71	0.017006055081108473	0.0	0.0	6.941246971881008E-4	0.0
72-73	0.019898241319392225	0.0	0.0	6.941246971881008E-4	0.0
74-75	0.02348455225486408	0.0	0.0	6.941246971881008E-4	0.0
76-77	0.027186550639867284	0.0	0.0	6.941246971881008E-4	0.0
78-79	0.03216111096971534	0.0	0.0	6.941246971881008E-4	0.0
80-81	0.03725135874909474	0.0	0.0	6.941246971881008E-4	0.0
82-83	0.043151418675193606	0.0	0.0	8.09812146719451E-4	0.0
84-85	0.05159660249098216	0.0	0.0	9.254995962508011E-4	0.0
86-87	0.06062022355442748	0.0	0.0	9.254995962508011E-4	0.0
88-89	0.07346153045240733	0.0	0.0	9.254995962508011E-4	0.0
90-91	0.08711264949710665	0.0	0.0	9.254995962508011E-4	0.0
92-93	0.10192064303711948	0.0	0.0	9.254995962508011E-4	0.0
94-95	0.1183482608705712	0.0	0.0	9.254995962508011E-4	0.0
96-97	0.13894062688715153	0.0	0.0	9.254995962508011E-4	0.0
98-99	0.1589545556560751	0.0	0.0	9.254995962508011E-4	0.0
100-101	0.18452148200250348	0.0	0.0	9.254995962508011E-4	0.0
102-103	0.20950997110127512	0.0	0.0	9.254995962508011E-4	0.0
104-105	0.24236520676817852	0.0	0.0	9.254995962508011E-4	0.0
106-107	0.27880675337055383	0.0	0.0	0.0011568744953135014	0.0
108-109	0.3248503582840312	0.0	0.0	0.0011568744953135014	0.0
110-111	0.3698527761517264	0.0	0.0	0.0011568744953135014	0.0
112-113	0.4207552539455205	0.0	0.0	0.0011568744953135014	0.0
114-115	0.47987154065604043	0.0	0.0	0.0011568744953135014	0.0
116-117	0.5492840103748504	0.0	0.0	0.0011568744953135014	0.0
118-119	0.631075037193515	0.0	0.0	0.0011568744953135014	0.0
120-121	0.7202700607821859	0.0	0.0	0.0011568744953135014	0.0
122-123	0.8164063313427379	0.0	0.0	0.0011568744953135014	0.0
124-125	0.9323251557731508	0.0	0.0	0.0011568744953135014	0.0
126-127	1.0505577291941905	0.0	0.0	0.0011568744953135014	0.0
128-129	1.1746903625413294	1.1568744953135014E-4	0.0	0.0011568744953135014	0.0
130-131	1.322885985390989	2.3137489906270028E-4	0.0	0.0011568744953135014	0.0
132-133	1.4823032908451894	2.3137489906270028E-4	0.0	0.0011568744953135014	0.0
134-135	1.656991339637528	2.3137489906270028E-4	0.0	0.0011568744953135014	0.0
136-137	1.8581718143725459	2.3137489906270028E-4	0.0	0.0011568744953135014	0.0
138-139	2.0635170372906924	4.6274979812540055E-4	0.0	0.0012725619448448514	0.0
>>END_MODULE
