##FastQC	0.11.8
>>Basic Statistics	pass
#Measure	Value
Filename	LNCaP-50K-Thruplex-Rep1_S2_L001_R2.fastq.gz
File type	Conventional base calls
Encoding	Sanger / Illumina 1.9
Total Sequences	347274
Sequences flagged as poor quality	0
Sequence length	150
%GC	42
>>END_MODULE
>>Per base sequence quality	pass
#Base	Mean	Median	Lower Quartile	Upper Quartile	10th Percentile	90th Percentile
1	32.555356865184265	33.0	32.0	34.0	32.0	34.0
2	32.77896704043493	33.0	33.0	34.0	32.0	34.0
3	32.966539389646215	34.0	33.0	34.0	32.0	34.0
4	32.96317605118725	34.0	33.0	34.0	32.0	34.0
5	33.05090792860969	34.0	33.0	34.0	32.0	35.0
6	35.85288561769669	37.0	37.0	37.0	33.0	37.0
7	35.81417555014196	37.0	37.0	37.0	33.0	37.0
8	35.84111681266089	37.0	37.0	37.0	33.0	37.0
9	35.83865190022864	37.0	37.0	37.0	33.0	37.0
10-14	36.37636160495747	37.4	37.4	37.4	34.6	37.4
15-19	37.252210070434295	38.0	38.0	38.0	37.0	38.0
20-24	37.55382090222706	38.4	38.0	38.4	37.0	38.4
25-29	37.94573506798666	39.0	38.0	39.0	37.0	39.0
30-34	37.95072536383374	39.0	38.0	39.0	37.0	39.0
35-39	37.93077512281368	39.0	38.0	39.0	37.0	39.0
40-44	37.91120556102673	39.0	38.0	39.0	37.0	39.0
45-49	37.84540794876668	39.0	38.0	39.0	37.0	39.0
50-54	37.800683034145955	39.0	38.0	39.0	37.0	39.0
55-59	37.81301277953431	39.0	38.0	39.0	37.0	39.0
60-64	37.79611430743448	39.0	38.0	39.0	37.0	39.0
65-69	37.77154753883101	39.0	38.0	39.0	37.0	39.0
70-74	37.75136002119363	39.0	38.0	39.0	37.0	39.0
75-79	37.743025967967654	39.0	38.0	39.0	37.0	39.0
80-84	37.70418977522072	39.0	38.0	39.0	37.0	39.0
85-89	37.662012704665486	39.0	38.0	39.0	37.0	39.0
90-94	37.63955147808359	39.0	38.0	39.0	37.0	39.0
95-99	37.62977994321487	39.0	38.0	39.0	37.0	39.0
100-104	37.58571502617529	39.0	38.0	39.0	37.0	39.0
105-109	37.5375069829587	39.0	38.0	39.0	37.0	39.0
110-114	37.4789808623738	39.0	38.0	39.0	36.8	39.0
115-119	37.47044984651888	39.0	38.0	39.0	36.6	39.0
120-124	37.418186216071454	39.0	38.0	39.0	36.4	39.0
125-129	37.38349314950155	39.0	38.0	39.0	36.0	39.0
130-134	37.34331219728514	39.0	38.0	39.0	36.0	39.0
135-139	37.33664138403681	39.0	38.0	39.0	36.0	39.0
140-144	37.24662312755922	39.0	38.0	39.0	36.0	39.0
145-149	37.18160472710309	39.0	38.0	39.0	35.4	39.0
150	36.01226985031992	38.0	37.0	39.0	30.0	39.0
>>END_MODULE
>>Per tile sequence quality	pass
#Tile	Base	Mean
1101	1	-0.04644305849320318
1101	2	-0.10406679432415444
1101	3	-0.0077998000511598775
1101	4	-0.00711084279144103
1101	5	-0.015821235149715562
1101	6	0.014562302573381203
1101	7	0.006212803092587649
1101	8	-0.00928125658995782
1101	9	-0.007354339178796465
1101	10-14	0.0031052038327601394
1101	15-19	-0.0027982080640072127
1101	20-24	-0.0013100063847275578
1101	25-29	-0.012118517544692509
1101	30-34	-0.024182464660668757
1101	35-39	-0.014413208301199631
1101	40-44	-0.004068140632440986
1101	45-49	-0.02402464575358465
1101	50-54	-0.025733430044638794
1101	55-59	-0.028218969536105476
1101	60-64	-0.006262228096225897
1101	65-69	-0.024880113718509733
1101	70-74	0.003344531274862561
1101	75-79	-0.031825171199237445
1101	80-84	-0.028923923949918162
1101	85-89	-0.010899685651111213
1101	90-94	-0.013636937360466561
1101	95-99	-0.024993317050402197
1101	100-104	-0.00346982584157729
1101	105-109	-0.013420164811087432
1101	110-114	-0.02687274881848367
1101	115-119	-0.02182986042514301
1101	120-124	-0.03285462139937323
1101	125-129	-0.013405537846573168
1101	130-134	-0.03103409551099645
1101	135-139	-0.017182609878872768
1101	140-144	-0.026546788644118635
1101	145-149	-0.015037362990248937
1101	150	-0.08289023073933066
1102	1	0.04644305849320318
1102	2	0.10406679432415444
1102	3	0.0077998000511598775
1102	4	0.00711084279144103
1102	5	0.015821235149722668
1102	6	-0.014562302573374097
1102	7	-0.006212803092580543
1102	8	0.009281256589950715
1102	9	0.00735433917878936
1102	10-14	-0.003105203832767245
1102	15-19	0.0027982080640072127
1102	20-24	0.0013100063847346632
1102	25-29	0.012118517544692509
1102	30-34	0.024182464660668757
1102	35-39	0.014413208301199631
1102	40-44	0.004068140632433881
1102	45-49	0.02402464575358465
1102	50-54	0.02573343004463169
1102	55-59	0.028218969536105476
1102	60-64	0.006262228096225897
1102	65-69	0.024880113718502628
1102	70-74	-0.003344531274862561
1102	75-79	0.03182517119923034
1102	80-84	0.028923923949925268
1102	85-89	0.010899685651111213
1102	90-94	0.013636937360466561
1102	95-99	0.024993317050402197
1102	100-104	0.0034698258415701844
1102	105-109	0.013420164811080326
1102	110-114	0.026872748818490777
1102	115-119	0.021829860425150116
1102	120-124	0.03285462139937323
1102	125-129	0.013405537846573168
1102	130-134	0.031034095510989346
1102	135-139	0.017182609878872768
1102	140-144	0.026546788644118635
1102	145-149	0.015037362990241832
1102	150	0.08289023073932356
>>END_MODULE
>>Per sequence quality scores	pass
#Quality	Count
14	4.0
15	12.0
16	43.0
17	77.0
18	145.0
19	276.0
20	516.0
21	833.0
22	1013.0
23	1053.0
24	1257.0
25	1394.0
26	1525.0
27	1830.0
28	2001.0
29	2299.0
30	2706.0
31	2986.0
32	3578.0
33	4253.0
34	5653.0
35	7867.0
36	13692.0
37	41746.0
38	250515.0
>>END_MODULE
>>Per base sequence content	warn
#Base	G	A	T	C
1	25.809879230809102	28.71939736346516	23.878263273380675	21.592460132345064
2	23.18140718856004	30.22627665762482	27.345842188012924	19.24647396580222
3	19.500452092583952	25.29098060897159	33.5922067301324	21.616360568312054
4	15.120913169428174	27.613066339547448	28.537984415763923	28.728036075260455
5	17.0185501937951	30.220517516427954	31.313026601473187	21.44790568830376
6	20.157858060206063	28.464555365503898	30.09640802363552	21.281178550654527
7	21.18557680678657	29.356358379838397	28.54662312755922	20.911441685815813
8	20.666102270829374	29.166594677401708	28.600471097749903	21.566831954019015
9	20.431417267057135	28.81442319321343	29.513294977452965	21.240864562276474
10-14	20.48532282865979	29.108715308373217	29.718838726769064	20.68712313619793
15-19	20.870839740377914	29.049338562633544	29.295138708915726	20.78468298807282
20-24	20.77696573886902	28.788103917943758	29.25833779666776	21.176592546519462
25-29	21.15891198304509	28.57046597211424	28.9628938532686	21.307728191572075
30-34	21.49726152836089	28.627308695727294	28.830318422916772	21.04511135299504
35-39	21.16685959789676	28.774166796247343	28.786952089704382	21.27202151615151
40-44	21.446350720180607	28.580774834856626	28.756083092889188	21.21679135207358
45-49	21.27420998980632	28.526869273253975	28.713350265208454	21.485570471731254
50-54	21.185461623962635	28.679544106382853	28.5615393032591	21.57345496639541
55-59	21.238157765913947	28.651554680166093	28.644355753670013	21.465931800249948
60-64	21.174461664276624	28.871669056710264	28.506021182121323	21.447848096891793
65-69	21.30962870816704	28.84696234097571	28.587340255821054	21.256068695036195
70-74	21.471402984386966	28.785166755933357	28.52819387572925	21.215236383950426
75-79	21.280717819358777	28.74744438109389	28.674130513657804	21.297707285889526
80-84	21.555889585744975	28.54472261096425	28.49709451326618	21.40229329002459
85-89	21.36537719495269	28.586073244757742	28.57674343601882	21.47180612427075
90-94	21.350403427840842	28.711622522849396	28.536602221876674	21.401371827433096
95-99	21.41553931477738	28.65334001393712	28.48356053145355	21.447560139831946
100-104	21.462706681179704	28.769098751994104	28.557047173125543	21.211147393700653
105-109	21.34648721182697	28.683978645104443	28.71525078180342	21.25428336126517
110-114	21.518743125025196	28.778313377909086	28.583308856983248	21.11963464008247
115-119	21.65949653587657	28.710585877433957	28.64700495862057	20.982912628068902
120-124	21.804914851097404	28.778083012261213	28.38542476545898	21.031577371182408
125-129	21.88680983891682	28.840972834130973	28.3067548967098	20.9654624302424
130-134	21.928045289886374	28.72371671936281	28.369932675639408	20.978305315111413
135-139	21.864579553896924	28.856580106774476	28.305430294234522	20.973410045094077
140-144	22.049966309024	28.714041362152077	28.409037244366118	20.826955084457804
145-149	22.085442618796687	28.83360113339899	28.223938446298884	20.85701780150544
150	22.281253419490085	28.704423596353312	28.12505399194872	20.88926899220788
>>END_MODULE
>>Per sequence GC content	pass
#GC Content	Count
0	1.0
1	0.5
2	1.0
3	1.5
4	1.5
5	1.5
6	1.5
7	3.0
8	3.0
9	1.5
10	2.0
11	3.0
12	7.5
13	11.5
14	10.0
15	25.5
16	52.5
17	84.0
18	159.0
19	273.0
20	403.5
21	590.5
22	857.5
23	1253.5
24	1746.5
25	2286.5
26	2926.5
27	3693.0
28	4532.0
29	5421.5
30	6446.5
31	7474.5
32	8541.0
33	9605.5
34	10588.0
35	11597.0
36	12538.5
37	13171.5
38	13626.0
39	13944.5
40	14056.5
41	14127.5
42	13872.5
43	13423.0
44	13123.0
45	12810.5
46	12530.5
47	12221.5
48	11822.0
49	11266.5
50	10503.0
51	9680.0
52	8795.5
53	7994.5
54	7213.0
55	6427.5
56	5828.0
57	5235.5
58	4585.5
59	3921.0
60	3236.0
61	2684.5
62	2193.5
63	1712.0
64	1337.0
65	1062.5
66	823.0
67	617.5
68	495.5
69	379.5
70	276.0
71	231.0
72	174.0
73	126.0
74	102.0
75	97.5
76	88.0
77	64.5
78	47.0
79	34.5
80	32.0
81	34.0
82	27.5
83	19.0
84	12.5
85	9.5
86	6.5
87	4.5
88	3.5
89	2.5
90	1.5
91	0.0
92	0.5
93	1.0
94	1.0
95	0.5
96	1.0
97	1.5
98	1.0
99	1.5
100	4.0
>>END_MODULE
>>Per base N content	pass
#Base	N-Count
1	0.0
2	0.0
3	0.0
4	0.0
5	0.0
6	0.0
7	0.0
8	0.0
9	0.0
10-14	0.0
15-19	0.0
20-24	0.0
25-29	0.0
30-34	0.0
35-39	0.0
40-44	0.0
45-49	0.0
50-54	0.0
55-59	0.0
60-64	0.0
65-69	0.0
70-74	0.0
75-79	0.0
80-84	0.0
85-89	0.0
90-94	0.0
95-99	0.0
100-104	0.0
105-109	0.0
110-114	0.0
115-119	0.0
120-124	0.0
125-129	0.0
130-134	0.0
135-139	0.0
140-144	0.0
145-149	0.0
150	0.0
>>END_MODULE
>>Sequence Length Distribution	pass
#Length	Count
150	347274.0
>>END_MODULE
>>Sequence Duplication Levels	pass
#Total Deduplicated Percentage	99.33107198643582
#Duplication Level	Percentage of deduplicated	Percentage of total
1	99.50914943758217	98.84350486093474
2	0.4001972486156211	0.7950404342202363
3	0.061597053362206076	0.1835550402502086
4	0.013249358262952956	0.052642918375658335
5	0.004253866180530366	0.021127054389946325
6	0.003997095140299152	0.023822144707061274
7	0.0015969015840900328	0.011103536234315032
8	6.205926274254475E-4	0.0049315304759238775
9	0.0012165756716201479	0.010875938905318268
>10	0.004121870973101321	0.053396541506600406
>50	0.0	0.0
>100	0.0	0.0
>500	0.0	0.0
>1k	0.0	0.0
>5k	0.0	0.0
>10k+	0.0	0.0
>>END_MODULE
>>Overrepresented sequences	pass
>>END_MODULE
>>Adapter Content	pass
#Position	Illumina Universal Adapter	Illumina Small RNA 3' Adapter	Illumina Small RNA 5' Adapter	Nextera Transposase Sequence	SOLID Small RNA Adapter
1	8.638711795297085E-4	0.0	0.0	0.0	0.0
2	8.638711795297085E-4	0.0	0.0	0.0	0.0
3	8.638711795297085E-4	0.0	0.0	0.0	0.0
4	8.638711795297085E-4	0.0	0.0	0.0	0.0
5	8.638711795297085E-4	0.0	0.0	0.0	0.0
6	8.638711795297085E-4	0.0	0.0	0.0	0.0
7	8.638711795297085E-4	0.0	0.0	0.0	0.0
8	8.638711795297085E-4	0.0	0.0	0.0	0.0
9	8.638711795297085E-4	0.0	0.0	0.0	0.0
10-11	8.638711795297085E-4	0.0	0.0	0.0	0.0
12-13	0.0011518282393729448	0.0	0.0	0.0	0.0
14-15	0.0011518282393729448	0.0	0.0	0.0	0.0
16-17	0.0011518282393729448	0.0	0.0	0.0	0.0
18-19	0.0011518282393729448	0.0	0.0	0.0	0.0
20-21	0.001295806769294563	0.0	0.0	0.0	0.0
22-23	0.001871720888981035	0.0	0.0	1.439785299216181E-4	0.0
24-25	0.002015699418902653	0.0	0.0	2.879570598432362E-4	0.0
26-27	0.0021596779488242714	0.0	0.0	2.879570598432362E-4	0.0
28-29	0.0024476350086675078	0.0	0.0	2.879570598432362E-4	0.0
30-31	0.002879570598432362	0.0	0.0	2.879570598432362E-4	0.0
32-33	0.0034554847181188343	0.0	0.0	2.879570598432362E-4	0.0
34-35	0.0041753773677269245	0.0	0.0	2.879570598432362E-4	0.0
36-37	0.0060470982567079595	0.0	0.0	2.879570598432362E-4	0.0
38-39	0.007630862085845758	0.0	0.0	2.879570598432362E-4	0.0
40-41	0.009646561504748411	0.0	0.0	2.879570598432362E-4	0.0
42-43	0.013102046222867245	0.0	0.0	2.879570598432362E-4	0.0
44-45	0.016269573881142845	0.0	0.0	2.879570598432362E-4	0.0
46-47	0.020876886838634624	0.0	0.0	2.879570598432362E-4	0.0
48-49	0.0254841997961264	0.0	0.0	2.879570598432362E-4	0.0
50-51	0.029659577163853326	0.0	0.0	2.879570598432362E-4	0.0
52-53	0.03628258954024775	0.0	0.0	2.879570598432362E-4	0.0
54-55	0.04189775220719086	0.0	0.0	2.879570598432362E-4	0.0
56-57	0.05082442106233119	0.0	0.0	2.879570598432362E-4	0.0
58-59	0.06248668198598225	0.0	0.0	2.879570598432362E-4	0.0
60-61	0.07213324349073066	0.0	0.0	2.879570598432362E-4	0.0
62-63	0.08494733265375468	0.0	0.0	2.879570598432362E-4	0.0
64-65	0.10121690653489751	0.0	0.0	2.879570598432362E-4	0.0
66-67	0.12137390072392405	0.0	0.0	2.879570598432362E-4	0.0
68-69	0.14297068021216675	0.0	0.0	2.879570598432362E-4	0.0
70-71	0.16269573881142846	0.0	0.0	2.879570598432362E-4	0.0
72-73	0.18760402448786836	0.0	0.0	2.879570598432362E-4	0.0
74-75	0.21985521519031082	0.0	0.0	2.879570598432362E-4	0.0
76-77	0.2509545776533803	0.0	0.0	2.879570598432362E-4	0.0
78-79	0.28291781129597954	0.0	0.0	2.879570598432362E-4	0.0
80-81	0.3192004008362273	0.0	0.0	4.319355897648543E-4	0.0
82-83	0.36268191687255597	0.0	0.0	5.759141196864724E-4	0.0
84-85	0.40601945437896303	0.0	0.0	5.759141196864724E-4	0.0
86-87	0.4536763477830186	0.0	0.0	5.759141196864724E-4	0.0
88-89	0.5069484038540173	0.0	0.0	5.759141196864724E-4	0.0
90-91	0.5603644384549376	0.0	0.0	5.759141196864724E-4	0.0
92-93	0.6221312277913118	0.0	0.0	7.198926496080904E-4	0.0
94-95	0.6815943606489401	0.0	0.0	8.638711795297085E-4	0.0
96-97	0.7482564200026491	0.0	0.0	8.638711795297085E-4	0.0
98-99	0.8221174058524393	0.0	0.0	8.638711795297085E-4	0.0
100-101	0.8982820481809752	0.0	0.0	0.0010078497094513266	0.0
102-103	0.9833733593646515	0.0	0.0	0.0011518282393729448	0.0
104-105	1.0700484343774657	0.0	0.0	0.0011518282393729448	0.0
106-107	1.1640664144162822	0.0	0.0	0.0011518282393729448	0.0
108-109	1.2603880509338445	0.0	0.0	0.0011518282393729448	0.0
110-111	1.3585814083403882	0.0	0.0	0.0011518282393729448	0.0
112-113	1.468868962260348	0.0	0.0	0.0011518282393729448	0.0
114-115	1.5774287738212478	0.0	0.0	0.0011518282393729448	0.0
116-117	1.6908838553994827	0.0	0.0	0.0011518282393729448	0.0
118-119	1.8148493696619958	0.0	0.0	0.001583763829137799	0.0
120-121	1.9539326295662791	0.0	0.0	0.002015699418902653	0.0
122-123	2.0925839538807973	0.0	0.0	0.002015699418902653	0.0
124-125	2.226915922297667	0.0	0.0	0.002015699418902653	0.0
126-127	2.368302838680696	0.0	0.0	0.002015699418902653	0.0
128-129	2.5243755651157302	0.0	0.0	0.0023036564787458896	0.0
130-131	2.692110552474415	0.0	0.0	0.0023036564787458896	0.0
132-133	2.869348122807927	0.0	0.0	0.0023036564787458896	0.0
134-135	3.049897199329636	0.0	0.0	0.0025916135385891255	0.0
136-137	3.2386530520568773	0.0	0.0	0.0025916135385891255	0.0
138-139	3.430000518322708	0.0	0.0	0.0027355920685107438	0.0
>>END_MODULE
